2e-08,2e-08,2e-08,2e-08,2e-08,2e-08,2e-08,2e-08,2e-08,2e-08,2e-08,2e-08,2e-08,2e-08,2e-08,2e-08,2e-08,2e-08,2e-08,2e-08,2e-08,2e-08,2e-08,2e-08,2e-08,2e-08,2e-08,2e-08,2e-08,2e-08,2e-08,2e-08,2e-08,2e-08,2e-08,2e-08,2e-08,2e-08,2e-08,2e-08,2e-08,2e-08,2e-08,2e-08,2e-08,2e-08,2e-08,2e-08,2e-08,2e-08,2e-08,2e-08,2e-08,2e-08,2e-08,2e-08,2e-08,2e-08,2e-08,2e-08,2e-08,2e-08,2e-08,2e-08
4.5e-10,4.5e-10,4.5e-10,4.5e-10,4.5e-10,4.5e-10,4.5e-10,4.5e-10,4.5e-10,4.5e-10,4.5e-10,4.5e-10,4.5e-10,4.5e-10,4.5e-10,4.5e-10,4.5e-10,4.5e-10,4.5e-10,4.5e-10,4.5e-10,4.5e-10,4.5e-10,4.5e-10,4.5e-10,4.5e-10,4.5e-10,4.5e-10,4.5e-10,4.5e-10,4.5e-10,4.5e-10,4.5e-10,4.5e-10,4.5e-10,4.5e-10,4.5e-10,4.5e-10,4.5e-10,4.5e-10,4.5e-10,4.5e-10,4.5e-10,4.5e-10,4.5e-10,4.5e-10,4.5e-10,4.5e-10,4.5e-10,4.5e-10,4.5e-10,4.5e-10,4.5e-10,4.5e-10,4.5e-10,4.5e-10,4.5e-10,4.5e-10,4.5e-10,4.5e-10,4.5e-10,4.5e-10,4.5e-10,4.5e-10
4.5e-10,4.5e-10,4.5e-10,4.5e-10,4.5e-10,4.5e-10,4.5e-10,4.5e-10,4.5e-10,4.5e-10,4.5e-10,4.5e-10,4.5e-10,4.5e-10,4.5e-10,4.5e-10,4.5e-10,4.5e-10,4.5e-10,4.5e-10,4.5e-10,4.5e-10,4.5e-10,4.5e-10,4.5e-10,4.5e-10,4.5e-10,4.5e-10,4.5e-10,4.5e-10,4.5e-10,4.5e-10,4.5e-10,4.5e-10,4.5e-10,4.5e-10,4.5e-10,4.5e-10,4.5e-10,4.5e-10,4.5e-10,4.5e-10,4.5e-10,4.5e-10,4.5e-10,4.5e-10,4.5e-10,4.5e-10,4.5e-10,4.5e-10,4.5e-10,4.5e-10,4.5e-10,4.5e-10,4.5e-10,4.5e-10,4.5e-10,4.5e-10,4.5e-10,4.5e-10,4.5e-10,4.5e-10,4.5e-10,4.5e-10
4.5e-10,4.5e-10,4.5e-10,4.5e-10,4.5e-10,4.5e-10,4.5e-10,4.5e-10,4.5e-10,4.5e-10,4.5e-10,4.5e-10,4.5e-10,4.5e-10,4.5e-10,4.5e-10,4.5e-10,4.5e-10,4.5e-10,4.5e-10,4.5e-10,4.5e-10,4.5e-10,4.5e-10,4.5e-10,4.5e-10,4.5e-10,4.5e-10,4.5e-10,4.5e-10,4.5e-10,4.5e-10,4.5e-10,4.5e-10,4.5e-10,4.5e-10,4.5e-10,4.5e-10,4.5e-10,4.5e-10,4.5e-10,4.5e-10,4.5e-10,4.5e-10,4.5e-10,4.5e-10,4.5e-10,4.5e-10,4.5e-10,4.5e-10,4.5e-10,4.5e-10,4.5e-10,4.5e-10,4.5e-10,4.5e-10,4.5e-10,4.5e-10,4.5e-10,4.5e-10,4.5e-10,4.5e-10,4.5e-10,4.5e-10
4.5e-10,4.5e-10,4.5e-10,4.5e-10,4.5e-10,4.5e-10,4.5e-10,4.5e-10,4.5e-10,4.5e-10,4.5e-10,4.5e-10,4.5e-10,4.5e-10,4.5e-10,4.5e-10,4.5e-10,4.5e-10,4.5e-10,4.5e-10,4.5e-10,4.5e-10,4.5e-10,4.5e-10,4.5e-10,4.5e-10,4.5e-10,4.5e-10,4.5e-10,4.5e-10,4.5e-10,4.5e-10,4.5e-10,4.5e-10,4.5e-10,4.5e-10,4.5e-10,4.5e-10,4.5e-10,4.5e-10,4.5e-10,4.5e-10,4.5e-10,4.5e-10,4.5e-10,4.5e-10,4.5e-10,4.5e-10,4.5e-10,4.5e-10,4.5e-10,4.5e-10,4.5e-10,4.5e-10,4.5e-10,4.5e-10,4.5e-10,4.5e-10,4.5e-10,4.5e-10,4.5e-10,4.5e-10,4.5e-10,4.5e-10
4.5e-10,4.5e-10,4.5e-10,4.5e-10,4.5e-10,4.5e-10,4.5e-10,4.5e-10,4.5e-10,4.5e-10,4.5e-10,4.5e-10,4.5e-10,4.5e-10,4.5e-10,4.5e-10,4.5e-10,4.5e-10,4.5e-10,4.5e-10,4.5e-10,4.5e-10,4.5e-10,4.5e-10,4.5e-10,4.5e-10,4.5e-10,4.5e-10,4.5e-10,4.5e-10,4.5e-10,4.5e-10,4.5e-10,4.5e-10,4.5e-10,4.5e-10,4.5e-10,4.5e-10,4.5e-10,4.5e-10,4.5e-10,4.5e-10,4.5e-10,4.5e-10,4.5e-10,4.5e-10,4.5e-10,4.5e-10,4.5e-10,4.5e-10,4.5e-10,4.5e-10,4.5e-10,4.5e-10,4.5e-10,4.5e-10,4.5e-10,4.5e-10,4.5e-10,4.5e-10,4.5e-10,4.5e-10,4.5e-10,4.5e-10
4.5e-10,4.5e-10,4.5e-10,4.5e-10,4.5e-10,4.5e-10,4.5e-10,4.5e-10,4.5e-10,4.5e-10,4.5e-10,4.5e-10,4.5e-10,4.5e-10,4.5e-10,4.5e-10,4.5e-10,4.5e-10,4.5e-10,4.5e-10,4.5e-10,4.5e-10,4.5e-10,4.5e-10,4.5e-10,4.5e-10,4.5e-10,4.5e-10,4.5e-10,4.5e-10,4.5e-10,4.5e-10,4.5e-10,4.5e-10,4.5e-10,4.5e-10,4.5e-10,4.5e-10,4.5e-10,4.5e-10,4.5e-10,4.5e-10,4.5e-10,4.5e-10,4.5e-10,4.5e-10,4.5e-10,4.5e-10,4.5e-10,4.5e-10,4.5e-10,4.5e-10,4.5e-10,4.5e-10,4.5e-10,4.5e-10,4.5e-10,4.5e-10,4.5e-10,4.5e-10,4.5e-10,4.5e-10,4.5e-10,4.5e-10
4.5e-10,4.5e-10,4.5e-10,4.5e-10,4.5e-10,4.5e-10,4.5e-10,4.5e-10,4.5e-10,4.5e-10,4.5e-10,4.5e-10,4.5e-10,4.5e-10,4.5e-10,4.5e-10,4.5e-10,4.5e-10,4.5e-10,4.5e-10,4.5e-10,4.5e-10,4.5e-10,4.5e-10,4.5e-10,4.5e-10,4.5e-10,4.5e-10,4.5e-10,4.5e-10,4.5e-10,4.5e-10,4.5e-10,4.5e-10,4.5e-10,4.5e-10,4.5e-10,4.5e-10,4.5e-10,4.5e-10,4.5e-10,4.5e-10,4.5e-10,4.5e-10,4.5e-10,4.5e-10,4.5e-10,4.5e-10,4.5e-10,4.5e-10,4.5e-10,4.5e-10,4.5e-10,4.5e-10,4.5e-10,4.5e-10,4.5e-10,4.5e-10,4.5e-10,4.5e-10,4.5e-10,4.5e-10,4.5e-10,4.5e-10
4.5e-10,4.5e-10,4.5e-10,4.5e-10,4.5e-10,4.5e-10,4.5e-10,4.5e-10,4.5e-10,4.5e-10,4.5e-10,4.5e-10,4.5e-10,4.5e-10,4.5e-10,4.5e-10,4.5e-10,4.5e-10,4.5e-10,4.5e-10,4.5e-10,4.5e-10,4.5e-10,4.5e-10,4.5e-10,4.5e-10,4.5e-10,4.5e-10,4.5e-10,4.5e-10,4.5e-10,4.5e-10,4.5e-10,4.5e-10,4.5e-10,4.5e-10,4.5e-10,4.5e-10,4.5e-10,4.5e-10,4.5e-10,4.5e-10,4.5e-10,4.5e-10,4.5e-10,4.5e-10,4.5e-10,4.5e-10,4.5e-10,4.5e-10,4.5e-10,4.5e-10,4.5e-10,4.5e-10,4.5e-10,4.5e-10,4.5e-10,4.5e-10,4.5e-10,4.5e-10,4.5e-10,4.5e-10,4.5e-10,4.5e-10
4.5e-10,4.5e-10,4.5e-10,4.5e-10,4.5e-10,4.5e-10,4.5e-10,4.5e-10,4.5e-10,4.5e-10,4.5e-10,4.5e-10,4.5e-10,4.5e-10,4.5e-10,4.5e-10,4.5e-10,4.5e-10,4.5e-10,4.5e-10,4.5e-10,4.5e-10,4.5e-10,4.5e-10,4.5e-10,4.5e-10,4.5e-10,4.5e-10,4.5e-10,4.5e-10,4.5e-10,4.5e-10,4.5e-10,4.5e-10,4.5e-10,4.5e-10,4.5e-10,4.5e-10,4.5e-10,4.5e-10,4.5e-10,4.5e-10,4.5e-10,4.5e-10,4.5e-10,4.5e-10,4.5e-10,4.5e-10,4.5e-10,4.5e-10,4.5e-10,4.5e-10,4.5e-10,4.5e-10,4.5e-10,4.5e-10,4.5e-10,4.5e-10,4.5e-10,4.5e-10,4.5e-10,4.5e-10,4.5e-10,4.5e-10
4.5e-10,4.5e-10,4.5e-10,4.5e-10,4.5e-10,4.5e-10,4.5e-10,4.5e-10,4.5e-10,4.5e-10,4.5e-10,4.5e-10,4.5e-10,4.5e-10,4.5e-10,4.5e-10,4.5e-10,4.5e-10,4.5e-10,4.5e-10,4.5e-10,4.5e-10,4.5e-10,4.5e-10,4.5e-10,4.5e-10,4.5e-10,4.5e-10,4.5e-10,4.5e-10,4.5e-10,4.5e-10,4.5e-10,4.5e-10,4.5e-10,4.5e-10,4.5e-10,4.5e-10,4.5e-10,4.5e-10,4.5e-10,4.5e-10,4.5e-10,4.5e-10,4.5e-10,4.5e-10,4.5e-10,4.5e-10,4.5e-10,4.5e-10,4.5e-10,4.5e-10,4.5e-10,4.5e-10,4.5e-10,4.5e-10,4.5e-10,4.5e-10,4.5e-10,4.5e-10,4.5e-10,4.5e-10,4.5e-10,4.5e-10
4.5e-10,4.5e-10,4.5e-10,4.5e-10,4.5e-10,4.5e-10,4.5e-10,4.5e-10,4.5e-10,4.5e-10,4.5e-10,4.5e-10,4.5e-10,4.5e-10,4.5e-10,4.5e-10,4.5e-10,4.5e-10,4.5e-10,4.5e-10,4.5e-10,4.5e-10,4.5e-10,4.5e-10,4.5e-10,4.5e-10,4.5e-10,4.5e-10,4.5e-10,4.5e-10,4.5e-10,4.5e-10,4.5e-10,4.5e-10,4.5e-10,4.5e-10,4.5e-10,4.5e-10,4.5e-10,4.5e-10,4.5e-10,4.5e-10,4.5e-10,4.5e-10,4.5e-10,4.5e-10,4.5e-10,4.5e-10,4.5e-10,4.5e-10,4.5e-10,4.5e-10,4.5e-10,4.5e-10,4.5e-10,4.5e-10,4.5e-10,4.5e-10,4.5e-10,4.5e-10,4.5e-10,4.5e-10,4.5e-10,4.5e-10
4.5e-10,4.5e-10,4.5e-10,4.5e-10,4.5e-10,4.5e-10,4.5e-10,4.5e-10,4.5e-10,4.5e-10,4.5e-10,4.5e-10,4.5e-10,4.5e-10,4.5e-10,4.5e-10,4.5e-10,4.5e-10,4.5e-10,4.5e-10,4.5e-10,4.5e-10,4.5e-10,4.5e-10,4.5e-10,4.5e-10,4.5e-10,4.5e-10,4.5e-10,4.5e-10,4.5e-10,4.5e-10,4.5e-10,4.5e-10,4.5e-10,4.5e-10,4.5e-10,4.5e-10,4.5e-10,4.5e-10,4.5e-10,4.5e-10,4.5e-10,4.5e-10,4.5e-10,4.5e-10,4.5e-10,4.5e-10,4.5e-10,4.5e-10,4.5e-10,4.5e-10,4.5e-10,4.5e-10,4.5e-10,4.5e-10,4.5e-10,4.5e-10,4.5e-10,4.5e-10,4.5e-10,4.5e-10,4.5e-10,4.5e-10
4.5e-10,4.5e-10,4.5e-10,4.5e-10,4.5e-10,4.5e-10,4.5e-10,4.5e-10,4.5e-10,4.5e-10,4.5e-10,4.5e-10,4.5e-10,4.5e-10,4.5e-10,4.5e-10,4.5e-10,4.5e-10,4.5e-10,4.5e-10,4.5e-10,4.5e-10,4.5e-10,4.5e-10,4.5e-10,4.5e-10,4.5e-10,4.5e-10,4.5e-10,4.5e-10,4.5e-10,4.5e-10,4.5e-10,4.5e-10,4.5e-10,4.5e-10,4.5e-10,4.5e-10,4.5e-10,4.5e-10,4.5e-10,4.5e-10,4.5e-10,4.5e-10,4.5e-10,4.5e-10,4.5e-10,4.5e-10,4.5e-10,4.5e-10,4.5e-10,4.5e-10,4.5e-10,4.5e-10,4.5e-10,4.5e-10,4.5e-10,4.5e-10,4.5e-10,4.5e-10,4.5e-10,4.5e-10,4.5e-10,4.5e-10
4.5e-10,4.5e-10,4.5e-10,4.5e-10,4.5e-10,4.5e-10,4.5e-10,4.5e-10,4.5e-10,4.5e-10,4.5e-10,4.5e-10,4.5e-10,4.5e-10,4.5e-10,4.5e-10,4.5e-10,4.5e-10,4.5e-10,4.5e-10,4.5e-10,4.5e-10,4.5e-10,4.5e-10,4.5e-10,4.5e-10,4.5e-10,4.5e-10,4.5e-10,4.5e-10,4.5e-10,4.5e-10,4.5e-10,4.5e-10,4.5e-10,4.5e-10,4.5e-10,4.5e-10,4.5e-10,4.5e-10,4.5e-10,4.5e-10,4.5e-10,4.5e-10,4.5e-10,4.5e-10,4.5e-10,4.5e-10,4.5e-10,4.5e-10,4.5e-10,4.5e-10,4.5e-10,4.5e-10,4.5e-10,4.5e-10,4.5e-10,4.5e-10,4.5e-10,4.5e-10,4.5e-10,4.5e-10,4.5e-10,4.5e-10
4.5e-10,4.5e-10,4.5e-10,4.5e-10,4.5e-10,4.5e-10,4.5e-10,4.5e-10,4.5e-10,4.5e-10,4.5e-10,4.5e-10,4.5e-10,4.5e-10,4.5e-10,4.5e-10,4.5e-10,4.5e-10,4.5e-10,4.5e-10,4.5e-10,4.5e-10,4.5e-10,4.5e-10,4.5e-10,4.5e-10,4.5e-10,4.5e-10,4.5e-10,4.5e-10,4.5e-10,4.5e-10,4.5e-10,4.5e-10,4.5e-10,4.5e-10,4.5e-10,4.5e-10,4.5e-10,4.5e-10,4.5e-10,4.5e-10,4.5e-10,4.5e-10,4.5e-10,4.5e-10,4.5e-10,4.5e-10,4.5e-10,4.5e-10,4.5e-10,4.5e-10,4.5e-10,4.5e-10,4.5e-10,4.5e-10,4.5e-10,4.5e-10,4.5e-10,4.5e-10,4.5e-10,4.5e-10,4.5e-10,4.5e-10
4.5e-10,4.5e-10,4.5e-10,4.5e-10,4.5e-10,4.5e-10,4.5e-10,4.5e-10,4.5e-10,4.5e-10,4.5e-10,4.5e-10,4.5e-10,4.5e-10,4.5e-10,4.5e-10,4.5e-10,4.5e-10,4.5e-10,4.5e-10,4.5e-10,4.5e-10,4.5e-10,4.5e-10,4.5e-10,4.5e-10,4.5e-10,4.5e-10,4.5e-10,4.5e-10,4.5e-10,4.5e-10,4.5e-10,4.5e-10,4.5e-10,4.5e-10,4.5e-10,4.5e-10,4.5e-10,4.5e-10,4.5e-10,4.5e-10,4.5e-10,4.5e-10,4.5e-10,4.5e-10,4.5e-10,4.5e-10,4.5e-10,4.5e-10,4.5e-10,4.5e-10,4.5e-10,4.5e-10,4.5e-10,4.5e-10,4.5e-10,4.5e-10,4.5e-10,4.5e-10,4.5e-10,4.5e-10,4.5e-10,4.5e-10
4.5e-10,4.5e-10,4.5e-10,4.5e-10,4.5e-10,4.5e-10,4.5e-10,4.5e-10,4.5e-10,4.5e-10,4.5e-10,4.5e-10,4.5e-10,4.5e-10,4.5e-10,4.5e-10,4.5e-10,4.5e-10,4.5e-10,4.5e-10,4.5e-10,4.5e-10,4.5e-10,4.5e-10,4.5e-10,4.5e-10,4.5e-10,4.5e-10,4.5e-10,4.5e-10,4.5e-10,4.5e-10,4.5e-10,4.5e-10,4.5e-10,4.5e-10,4.5e-10,4.5e-10,4.5e-10,4.5e-10,4.5e-10,4.5e-10,4.5e-10,4.5e-10,4.5e-10,4.5e-10,4.5e-10,4.5e-10,4.5e-10,4.5e-10,4.5e-10,4.5e-10,4.5e-10,4.5e-10,4.5e-10,4.5e-10,4.5e-10,4.5e-10,4.5e-10,4.5e-10,4.5e-10,4.5e-10,4.5e-10,4.5e-10
4.5e-10,4.5e-10,4.5e-10,4.5e-10,4.5e-10,4.5e-10,4.5e-10,4.5e-10,4.5e-10,4.5e-10,4.5e-10,4.5e-10,4.5e-10,4.5e-10,4.5e-10,4.5e-10,4.5e-10,4.5e-10,4.5e-10,4.5e-10,4.5e-10,4.5e-10,4.5e-10,4.5e-10,4.5e-10,4.5e-10,4.5e-10,4.5e-10,4.5e-10,4.5e-10,4.5e-10,4.5e-10,4.5e-10,4.5e-10,4.5e-10,4.5e-10,4.5e-10,4.5e-10,4.5e-10,4.5e-10,4.5e-10,4.5e-10,4.5e-10,4.5e-10,4.5e-10,4.5e-10,4.5e-10,4.5e-10,4.5e-10,4.5e-10,4.5e-10,4.5e-10,4.5e-10,4.5e-10,4.5e-10,4.5e-10,4.5e-10,4.5e-10,4.5e-10,4.5e-10,4.5e-10,4.5e-10,4.5e-10,4.5e-10
4.5e-10,4.5e-10,4.5e-10,4.5e-10,4.5e-10,4.5e-10,4.5e-10,4.5e-10,4.5e-10,4.5e-10,4.5e-10,4.5e-10,4.5e-10,4.5e-10,4.5e-10,4.5e-10,4.5e-10,4.5e-10,4.5e-10,4.5e-10,4.5e-10,4.5e-10,4.5e-10,4.5e-10,4.5e-10,4.5e-10,4.5e-10,4.5e-10,4.5e-10,4.5e-10,4.5e-10,4.5e-10,4.5e-10,4.5e-10,4.5e-10,4.5e-10,4.5e-10,4.5e-10,4.5e-10,4.5e-10,4.5e-10,4.5e-10,4.5e-10,4.5e-10,4.5e-10,4.5e-10,4.5e-10,4.5e-10,4.5e-10,4.5e-10,4.5e-10,4.5e-10,4.5e-10,4.5e-10,4.5e-10,4.5e-10,4.5e-10,4.5e-10,4.5e-10,4.5e-10,4.5e-10,4.5e-10,4.5e-10,4.5e-10
4.5e-10,4.5e-10,4.5e-10,4.5e-10,4.5e-10,4.5e-10,4.5e-10,4.5e-10,4.5e-10,4.5e-10,4.5e-10,4.5e-10,4.5e-10,4.5e-10,4.5e-10,4.5e-10,4.5e-10,4.5e-10,4.5e-10,4.5e-10,4.5e-10,4.5e-10,4.5e-10,4.5e-10,4.5e-10,4.5e-10,4.5e-10,4.5e-10,4.5e-10,4.5e-10,4.5e-10,4.5e-10,4.5e-10,4.5e-10,4.5e-10,4.5e-10,4.5e-10,4.5e-10,4.5e-10,4.5e-10,4.5e-10,4.5e-10,4.5e-10,4.5e-10,4.5e-10,4.5e-10,4.5e-10,4.5e-10,4.5e-10,4.5e-10,4.5e-10,4.5e-10,4.5e-10,4.5e-10,4.5e-10,4.5e-10,4.5e-10,4.5e-10,4.5e-10,4.5e-10,4.5e-10,4.5e-10,4.5e-10,4.5e-10
4.5e-10,4.5e-10,4.5e-10,4.5e-10,4.5e-10,4.5e-10,4.5e-10,4.5e-10,4.5e-10,4.5e-10,4.5e-10,4.5e-10,4.5e-10,4.5e-10,4.5e-10,4.5e-10,4.5e-10,4.5e-10,4.5e-10,4.5e-10,4.5e-10,4.5e-10,4.5e-10,4.5e-10,4.5e-10,4.5e-10,4.5e-10,4.5e-10,4.5e-10,4.5e-10,4.5e-10,4.5e-10,4.5e-10,4.5e-10,4.5e-10,4.5e-10,4.5e-10,4.5e-10,4.5e-10,4.5e-10,4.5e-10,4.5e-10,4.5e-10,4.5e-10,4.5e-10,4.5e-10,4.5e-10,4.5e-10,4.5e-10,4.5e-10,4.5e-10,4.5e-10,4.5e-10,4.5e-10,4.5e-10,4.5e-10,4.5e-10,4.5e-10,4.5e-10,4.5e-10,4.5e-10,4.5e-10,4.5e-10,4.5e-10
4.5e-10,4.5e-10,4.5e-10,4.5e-10,4.5e-10,4.5e-10,4.5e-10,4.5e-10,4.5e-10,4.5e-10,4.5e-10,4.5e-10,4.5e-10,4.5e-10,4.5e-10,4.5e-10,4.5e-10,4.5e-10,4.5e-10,4.5e-10,4.5e-10,4.5e-10,4.5e-10,4.5e-10,4.5e-10,4.5e-10,4.5e-10,4.5e-10,4.5e-10,4.5e-10,4.5e-10,4.5e-10,4.5e-10,4.5e-10,4.5e-10,4.5e-10,4.5e-10,4.5e-10,4.5e-10,4.5e-10,4.5e-10,4.5e-10,4.5e-10,4.5e-10,4.5e-10,4.5e-10,4.5e-10,4.5e-10,4.5e-10,4.5e-10,4.5e-10,4.5e-10,4.5e-10,4.5e-10,4.5e-10,4.5e-10,4.5e-10,4.5e-10,4.5e-10,4.5e-10,4.5e-10,4.5e-10,4.5e-10,4.5e-10
4.5e-10,4.5e-10,4.5e-10,4.5e-10,4.5e-10,4.5e-10,4.5e-10,4.5e-10,4.5e-10,4.5e-10,4.5e-10,4.5e-10,4.5e-10,4.5e-10,4.5e-10,4.5e-10,4.5e-10,4.5e-10,4.5e-10,4.5e-10,4.5e-10,4.5e-10,4.5e-10,4.5e-10,4.5e-10,4.5e-10,4.5e-10,4.5e-10,4.5e-10,4.5e-10,4.5e-10,4.5e-10,4.5e-10,4.5e-10,4.5e-10,4.5e-10,4.5e-10,4.5e-10,4.5e-10,4.5e-10,4.5e-10,4.5e-10,4.5e-10,4.5e-10,4.5e-10,4.5e-10,4.5e-10,4.5e-10,4.5e-10,4.5e-10,4.5e-10,4.5e-10,4.5e-10,4.5e-10,4.5e-10,4.5e-10,4.5e-10,4.5e-10,4.5e-10,4.5e-10,4.5e-10,4.5e-10,4.5e-10,4.5e-10
4.5e-10,4.5e-10,4.5e-10,4.5e-10,4.5e-10,4.5e-10,4.5e-10,4.5e-10,4.5e-10,4.5e-10,4.5e-10,4.5e-10,4.5e-10,4.5e-10,4.5e-10,4.5e-10,4.5e-10,4.5e-10,4.5e-10,4.5e-10,4.5e-10,4.5e-10,4.5e-10,4.5e-10,4.5e-10,4.5e-10,4.5e-10,4.5e-10,4.5e-10,4.5e-10,4.5e-10,4.5e-10,4.5e-10,4.5e-10,4.5e-10,4.5e-10,4.5e-10,4.5e-10,4.5e-10,4.5e-10,4.5e-10,4.5e-10,4.5e-10,4.5e-10,4.5e-10,4.5e-10,4.5e-10,4.5e-10,4.5e-10,4.5e-10,4.5e-10,4.5e-10,4.5e-10,4.5e-10,4.5e-10,4.5e-10,4.5e-10,4.5e-10,4.5e-10,4.5e-10,4.5e-10,4.5e-10,4.5e-10,4.5e-10
4.5e-10,4.5e-10,4.5e-10,4.5e-10,4.5e-10,4.5e-10,4.5e-10,4.5e-10,4.5e-10,4.5e-10,4.5e-10,4.5e-10,4.5e-10,4.5e-10,4.5e-10,4.5e-10,4.5e-10,4.5e-10,4.5e-10,4.5e-10,4.5e-10,4.5e-10,4.5e-10,4.5e-10,4.5e-10,4.5e-10,4.5e-10,4.5e-10,4.5e-10,4.5e-10,4.5e-10,4.5e-10,4.5e-10,4.5e-10,4.5e-10,4.5e-10,4.5e-10,4.5e-10,4.5e-10,4.5e-10,4.5e-10,4.5e-10,4.5e-10,4.5e-10,4.5e-10,4.5e-10,4.5e-10,4.5e-10,4.5e-10,4.5e-10,4.5e-10,4.5e-10,4.5e-10,4.5e-10,4.5e-10,4.5e-10,4.5e-10,4.5e-10,4.5e-10,4.5e-10,4.5e-10,4.5e-10,4.5e-10,4.5e-10
4.5e-10,4.5e-10,4.5e-10,4.5e-10,4.5e-10,4.5e-10,4.5e-10,4.5e-10,4.5e-10,4.5e-10,4.5e-10,4.5e-10,4.5e-10,4.5e-10,4.5e-10,4.5e-10,4.5e-10,4.5e-10,4.5e-10,4.5e-10,4.5e-10,4.5e-10,4.5e-10,4.5e-10,4.5e-10,4.5e-10,4.5e-10,4.5e-10,4.5e-10,4.5e-10,4.5e-10,4.5e-10,4.5e-10,4.5e-10,4.5e-10,4.5e-10,4.5e-10,4.5e-10,4.5e-10,4.5e-10,4.5e-10,4.5e-10,4.5e-10,4.5e-10,4.5e-10,4.5e-10,4.5e-10,4.5e-10,4.5e-10,4.5e-10,4.5e-10,4.5e-10,4.5e-10,4.5e-10,4.5e-10,4.5e-10,4.5e-10,4.5e-10,4.5e-10,4.5e-10,4.5e-10,4.5e-10,4.5e-10,4.5e-10
4.5e-10,4.5e-10,4.5e-10,4.5e-10,4.5e-10,4.5e-10,4.5e-10,4.5e-10,4.5e-10,4.5e-10,4.5e-10,4.5e-10,4.5e-10,4.5e-10,4.5e-10,4.5e-10,4.5e-10,4.5e-10,4.5e-10,4.5e-10,4.5e-10,4.5e-10,4.5e-10,4.5e-10,4.5e-10,4.5e-10,4.5e-10,4.5e-10,4.5e-10,4.5e-10,4.5e-10,4.5e-10,4.5e-10,4.5e-10,4.5e-10,4.5e-10,4.5e-10,4.5e-10,4.5e-10,4.5e-10,4.5e-10,4.5e-10,4.5e-10,4.5e-10,4.5e-10,4.5e-10,4.5e-10,4.5e-10,4.5e-10,4.5e-10,4.5e-10,4.5e-10,4.5e-10,4.5e-10,4.5e-10,4.5e-10,4.5e-10,4.5e-10,4.5e-10,4.5e-10,4.5e-10,4.5e-10,4.5e-10,4.5e-10
4.5e-10,4.5e-10,4.5e-10,4.5e-10,4.5e-10,4.5e-10,4.5e-10,4.5e-10,4.5e-10,4.5e-10,4.5e-10,4.5e-10,4.5e-10,4.5e-10,4.5e-10,4.5e-10,4.5e-10,4.5e-10,4.5e-10,4.5e-10,4.5e-10,4.5e-10,4.5e-10,4.5e-10,4.5e-10,4.5e-10,4.5e-10,4.5e-10,4.5e-10,4.5e-10,4.5e-10,4.5e-10,4.5e-10,4.5e-10,4.5e-10,4.5e-10,4.5e-10,4.5e-10,4.5e-10,4.5e-10,4.5e-10,4.5e-10,4.5e-10,4.5e-10,4.5e-10,4.5e-10,4.5e-10,4.5e-10,4.5e-10,4.5e-10,4.5e-10,4.5e-10,4.5e-10,4.5e-10,4.5e-10,4.5e-10,4.5e-10,4.5e-10,4.5e-10,4.5e-10,4.5e-10,4.5e-10,4.5e-10,4.5e-10
4.5e-10,4.5e-10,4.5e-10,4.5e-10,4.5e-10,4.5e-10,4.5e-10,4.5e-10,4.5e-10,4.5e-10,4.5e-10,4.5e-10,4.5e-10,4.5e-10,4.5e-10,4.5e-10,4.5e-10,4.5e-10,4.5e-10,4.5e-10,4.5e-10,4.5e-10,4.5e-10,4.5e-10,4.5e-10,4.5e-10,4.5e-10,4.5e-10,4.5e-10,4.5e-10,4.5e-10,4.5e-10,4.5e-10,4.5e-10,4.5e-10,4.5e-10,4.5e-10,4.5e-10,4.5e-10,4.5e-10,4.5e-10,4.5e-10,4.5e-10,4.5e-10,4.5e-10,4.5e-10,4.5e-10,4.5e-10,4.5e-10,4.5e-10,4.5e-10,4.5e-10,4.5e-10,4.5e-10,4.5e-10,4.5e-10,4.5e-10,4.5e-10,4.5e-10,4.5e-10,4.5e-10,4.5e-10,4.5e-10,4.5e-10
4.5e-10,4.5e-10,4.5e-10,4.5e-10,4.5e-10,4.5e-10,4.5e-10,4.5e-10,4.5e-10,4.5e-10,4.5e-10,4.5e-10,4.5e-10,4.5e-10,4.5e-10,4.5e-10,4.5e-10,4.5e-10,4.5e-10,4.5e-10,4.5e-10,4.5e-10,4.5e-10,4.5e-10,4.5e-10,4.5e-10,4.5e-10,4.5e-10,4.5e-10,4.5e-10,4.5e-10,4.5e-10,4.5e-10,4.5e-10,4.5e-10,4.5e-10,4.5e-10,4.5e-10,4.5e-10,4.5e-10,4.5e-10,4.5e-10,4.5e-10,4.5e-10,4.5e-10,4.5e-10,4.5e-10,4.5e-10,4.5e-10,4.5e-10,4.5e-10,4.5e-10,4.5e-10,4.5e-10,4.5e-10,4.5e-10,4.5e-10,4.5e-10,4.5e-10,4.5e-10,4.5e-10,4.5e-10,4.5e-10,4.5e-10
4.5e-10,4.5e-10,4.5e-10,4.5e-10,4.5e-10,4.5e-10,4.5e-10,4.5e-10,4.5e-10,4.5e-10,4.5e-10,4.5e-10,4.5e-10,4.5e-10,4.5e-10,4.5e-10,4.5e-10,4.5e-10,4.5e-10,4.5e-10,4.5e-10,4.5e-10,4.5e-10,4.5e-10,4.5e-10,4.5e-10,4.5e-10,4.5e-10,4.5e-10,4.5e-10,4.5e-10,4.5e-10,4.5e-10,4.5e-10,4.5e-10,4.5e-10,4.5e-10,4.5e-10,4.5e-10,4.5e-10,4.5e-10,4.5e-10,4.5e-10,4.5e-10,4.5e-10,4.5e-10,4.5e-10,4.5e-10,4.5e-10,4.5e-10,4.5e-10,4.5e-10,4.5e-10,4.5e-10,4.5e-10,4.5e-10,4.5e-10,4.5e-10,4.5e-10,4.5e-10,4.5e-10,4.5e-10,4.5e-10,4.5e-10
4.5e-10,4.5e-10,4.5e-10,4.5e-10,4.5e-10,4.5e-10,4.5e-10,4.5e-10,4.5e-10,4.5e-10,4.5e-10,4.5e-10,4.5e-10,4.5e-10,4.5e-10,4.5e-10,4.5e-10,4.5e-10,4.5e-10,4.5e-10,4.5e-10,4.5e-10,4.5e-10,4.5e-10,4.5e-10,4.5e-10,4.5e-10,4.5e-10,4.5e-10,4.5e-10,4.5e-10,4.5e-10,4.5e-10,4.5e-10,4.5e-10,4.5e-10,4.5e-10,4.5e-10,4.5e-10,4.5e-10,4.5e-10,4.5e-10,4.5e-10,4.5e-10,4.5e-10,4.5e-10,4.5e-10,4.5e-10,4.5e-10,4.5e-10,4.5e-10,4.5e-10,4.5e-10,4.5e-10,4.5e-10,4.5e-10,4.5e-10,4.5e-10,4.5e-10,4.5e-10,4.5e-10,4.5e-10,4.5e-10,4.5e-10
4.5e-10,4.5e-10,4.5e-10,4.5e-10,4.5e-10,4.5e-10,4.5e-10,4.5e-10,4.5e-10,4.5e-10,4.5e-10,4.5e-10,4.5e-10,4.5e-10,4.5e-10,4.5e-10,4.5e-10,4.5e-10,4.5e-10,4.5e-10,4.5e-10,4.5e-10,4.5e-10,4.5e-10,4.5e-10,4.5e-10,4.5e-10,4.5e-10,4.5e-10,4.5e-10,4.5e-10,4.5e-10,4.5e-10,4.5e-10,4.5e-10,4.5e-10,4.5e-10,4.5e-10,4.5e-10,4.5e-10,4.5e-10,4.5e-10,4.5e-10,4.5e-10,4.5e-10,4.5e-10,4.5e-10,4.5e-10,4.5e-10,4.5e-10,4.5e-10,4.5e-10,4.5e-10,4.5e-10,4.5e-10,4.5e-10,4.5e-10,4.5e-10,4.5e-10,4.5e-10,4.5e-10,4.5e-10,4.5e-10,4.5e-10
4.5e-10,4.5e-10,4.5e-10,4.5e-10,4.5e-10,4.5e-10,4.5e-10,4.5e-10,4.5e-10,4.5e-10,4.5e-10,4.5e-10,4.5e-10,4.5e-10,4.5e-10,4.5e-10,4.5e-10,4.5e-10,4.5e-10,4.5e-10,4.5e-10,4.5e-10,4.5e-10,4.5e-10,4.5e-10,4.5e-10,4.5e-10,4.5e-10,4.5e-10,4.5e-10,4.5e-10,4.5e-10,4.5e-10,4.5e-10,4.5e-10,4.5e-10,4.5e-10,4.5e-10,4.5e-10,4.5e-10,4.5e-10,4.5e-10,4.5e-10,4.5e-10,4.5e-10,4.5e-10,4.5e-10,4.5e-10,4.5e-10,4.5e-10,4.5e-10,4.5e-10,4.5e-10,4.5e-10,4.5e-10,4.5e-10,4.5e-10,4.5e-10,4.5e-10,4.5e-10,4.5e-10,4.5e-10,4.5e-10,4.5e-10
4.5e-10,4.5e-10,4.5e-10,4.5e-10,4.5e-10,4.5e-10,4.5e-10,4.5e-10,4.5e-10,4.5e-10,4.5e-10,4.5e-10,4.5e-10,4.5e-10,4.5e-10,4.5e-10,4.5e-10,4.5e-10,4.5e-10,4.5e-10,4.5e-10,4.5e-10,4.5e-10,4.5e-10,4.5e-10,4.5e-10,4.5e-10,4.5e-10,4.5e-10,4.5e-10,4.5e-10,4.5e-10,4.5e-10,4.5e-10,4.5e-10,4.5e-10,4.5e-10,4.5e-10,4.5e-10,4.5e-10,4.5e-10,4.5e-10,4.5e-10,4.5e-10,4.5e-10,4.5e-10,4.5e-10,4.5e-10,4.5e-10,4.5e-10,4.5e-10,4.5e-10,4.5e-10,4.5e-10,4.5e-10,4.5e-10,4.5e-10,4.5e-10,4.5e-10,4.5e-10,4.5e-10,4.5e-10,4.5e-10,4.5e-10
4.5e-10,4.5e-10,4.5e-10,4.5e-10,4.5e-10,4.5e-10,4.5e-10,4.5e-10,4.5e-10,4.5e-10,4.5e-10,4.5e-10,4.5e-10,4.5e-10,4.5e-10,4.5e-10,4.5e-10,4.5e-10,4.5e-10,4.5e-10,4.5e-10,4.5e-10,4.5e-10,4.5e-10,4.5e-10,4.5e-10,4.5e-10,4.5e-10,4.5e-10,4.5e-10,4.5e-10,4.5e-10,4.5e-10,4.5e-10,4.5e-10,4.5e-10,4.5e-10,4.5e-10,4.5e-10,4.5e-10,4.5e-10,4.5e-10,4.5e-10,4.5e-10,4.5e-10,4.5e-10,4.5e-10,4.5e-10,4.5e-10,4.5e-10,4.5e-10,4.5e-10,4.5e-10,4.5e-10,4.5e-10,4.5e-10,4.5e-10,4.5e-10,4.5e-10,4.5e-10,4.5e-10,4.5e-10,4.5e-10,4.5e-10
4.5e-10,4.5e-10,4.5e-10,4.5e-10,4.5e-10,4.5e-10,4.5e-10,4.5e-10,4.5e-10,4.5e-10,4.5e-10,4.5e-10,4.5e-10,4.5e-10,4.5e-10,4.5e-10,4.5e-10,4.5e-10,4.5e-10,4.5e-10,4.5e-10,4.5e-10,4.5e-10,4.5e-10,4.5e-10,4.5e-10,4.5e-10,4.5e-10,4.5e-10,4.5e-10,4.5e-10,4.5e-10,4.5e-10,4.5e-10,4.5e-10,4.5e-10,4.5e-10,4.5e-10,4.5e-10,4.5e-10,4.5e-10,4.5e-10,4.5e-10,4.5e-10,4.5e-10,4.5e-10,4.5e-10,4.5e-10,4.5e-10,4.5e-10,4.5e-10,4.5e-10,4.5e-10,4.5e-10,4.5e-10,4.5e-10,4.5e-10,4.5e-10,4.5e-10,4.5e-10,4.5e-10,4.5e-10,4.5e-10,4.5e-10
4.5e-10,4.5e-10,4.5e-10,4.5e-10,4.5e-10,4.5e-10,4.5e-10,4.5e-10,4.5e-10,4.5e-10,4.5e-10,4.5e-10,4.5e-10,4.5e-10,4.5e-10,4.5e-10,4.5e-10,4.5e-10,4.5e-10,4.5e-10,4.5e-10,4.5e-10,4.5e-10,4.5e-10,4.5e-10,4.5e-10,4.5e-10,4.5e-10,4.5e-10,4.5e-10,4.5e-10,4.5e-10,4.5e-10,4.5e-10,4.5e-10,4.5e-10,4.5e-10,4.5e-10,4.5e-10,4.5e-10,4.5e-10,4.5e-10,4.5e-10,4.5e-10,4.5e-10,4.5e-10,4.5e-10,4.5e-10,4.5e-10,4.5e-10,4.5e-10,4.5e-10,4.5e-10,4.5e-10,4.5e-10,4.5e-10,4.5e-10,4.5e-10,4.5e-10,4.5e-10,4.5e-10,4.5e-10,4.5e-10,4.5e-10
4.5e-10,4.5e-10,4.5e-10,4.5e-10,4.5e-10,4.5e-10,4.5e-10,4.5e-10,4.5e-10,4.5e-10,4.5e-10,4.5e-10,4.5e-10,4.5e-10,4.5e-10,4.5e-10,4.5e-10,4.5e-10,4.5e-10,4.5e-10,4.5e-10,4.5e-10,4.5e-10,4.5e-10,4.5e-10,4.5e-10,4.5e-10,4.5e-10,4.5e-10,4.5e-10,4.5e-10,4.5e-10,4.5e-10,4.5e-10,4.5e-10,4.5e-10,4.5e-10,4.5e-10,4.5e-10,4.5e-10,4.5e-10,4.5e-10,4.5e-10,4.5e-10,4.5e-10,4.5e-10,4.5e-10,4.5e-10,4.5e-10,4.5e-10,4.5e-10,4.5e-10,4.5e-10,4.5e-10,4.5e-10,4.5e-10,4.5e-10,4.5e-10,4.5e-10,4.5e-10,4.5e-10,4.5e-10,4.5e-10,4.5e-10
4.5e-10,4.5e-10,4.5e-10,4.5e-10,4.5e-10,4.5e-10,4.5e-10,4.5e-10,4.5e-10,4.5e-10,4.5e-10,4.5e-10,4.5e-10,4.5e-10,4.5e-10,4.5e-10,4.5e-10,4.5e-10,4.5e-10,4.5e-10,4.5e-10,4.5e-10,4.5e-10,4.5e-10,4.5e-10,4.5e-10,4.5e-10,4.5e-10,4.5e-10,4.5e-10,4.5e-10,4.5e-10,4.5e-10,4.5e-10,4.5e-10,4.5e-10,4.5e-10,4.5e-10,4.5e-10,4.5e-10,4.5e-10,4.5e-10,4.5e-10,4.5e-10,4.5e-10,4.5e-10,4.5e-10,4.5e-10,4.5e-10,4.5e-10,4.5e-10,4.5e-10,4.5e-10,4.5e-10,4.5e-10,4.5e-10,4.5e-10,4.5e-10,4.5e-10,4.5e-10,4.5e-10,4.5e-10,4.5e-10,4.5e-10
4.5e-10,4.5e-10,4.5e-10,4.5e-10,4.5e-10,4.5e-10,4.5e-10,4.5e-10,4.5e-10,4.5e-10,4.5e-10,4.5e-10,4.5e-10,4.5e-10,4.5e-10,4.5e-10,4.5e-10,4.5e-10,4.5e-10,4.5e-10,4.5e-10,4.5e-10,4.5e-10,4.5e-10,4.5e-10,4.5e-10,4.5e-10,4.5e-10,4.5e-10,4.5e-10,4.5e-10,4.5e-10,4.5e-10,4.5e-10,4.5e-10,4.5e-10,4.5e-10,4.5e-10,4.5e-10,4.5e-10,4.5e-10,4.5e-10,4.5e-10,4.5e-10,4.5e-10,4.5e-10,4.5e-10,4.5e-10,4.5e-10,4.5e-10,4.5e-10,4.5e-10,4.5e-10,4.5e-10,4.5e-10,4.5e-10,4.5e-10,4.5e-10,4.5e-10,4.5e-10,4.5e-10,4.5e-10,4.5e-10,4.5e-10
4.5e-10,4.5e-10,4.5e-10,4.5e-10,4.5e-10,4.5e-10,4.5e-10,4.5e-10,4.5e-10,4.5e-10,4.5e-10,4.5e-10,4.5e-10,4.5e-10,4.5e-10,4.5e-10,4.5e-10,4.5e-10,4.5e-10,4.5e-10,4.5e-10,4.5e-10,4.5e-10,4.5e-10,4.5e-10,4.5e-10,4.5e-10,4.5e-10,4.5e-10,4.5e-10,4.5e-10,4.5e-10,4.5e-10,4.5e-10,4.5e-10,4.5e-10,4.5e-10,4.5e-10,4.5e-10,4.5e-10,4.5e-10,4.5e-10,4.5e-10,4.5e-10,4.5e-10,4.5e-10,4.5e-10,4.5e-10,4.5e-10,4.5e-10,4.5e-10,4.5e-10,4.5e-10,4.5e-10,4.5e-10,4.5e-10,4.5e-10,4.5e-10,4.5e-10,4.5e-10,4.5e-10,4.5e-10,4.5e-10,4.5e-10
4.5e-10,4.5e-10,4.5e-10,4.5e-10,4.5e-10,4.5e-10,4.5e-10,4.5e-10,4.5e-10,4.5e-10,4.5e-10,4.5e-10,4.5e-10,4.5e-10,4.5e-10,4.5e-10,4.5e-10,4.5e-10,4.5e-10,4.5e-10,4.5e-10,4.5e-10,4.5e-10,4.5e-10,4.5e-10,4.5e-10,4.5e-10,4.5e-10,4.5e-10,4.5e-10,4.5e-10,4.5e-10,4.5e-10,4.5e-10,4.5e-10,4.5e-10,4.5e-10,4.5e-10,4.5e-10,4.5e-10,4.5e-10,4.5e-10,4.5e-10,4.5e-10,4.5e-10,4.5e-10,4.5e-10,4.5e-10,4.5e-10,4.5e-10,4.5e-10,4.5e-10,4.5e-10,4.5e-10,4.5e-10,4.5e-10,4.5e-10,4.5e-10,4.5e-10,4.5e-10,4.5e-10,4.5e-10,4.5e-10,4.5e-10
4.5e-10,4.5e-10,4.5e-10,4.5e-10,4.5e-10,4.5e-10,4.5e-10,4.5e-10,4.5e-10,4.5e-10,4.5e-10,4.5e-10,4.5e-10,4.5e-10,4.5e-10,4.5e-10,4.5e-10,4.5e-10,4.5e-10,4.5e-10,4.5e-10,4.5e-10,4.5e-10,4.5e-10,4.5e-10,4.5e-10,4.5e-10,4.5e-10,4.5e-10,4.5e-10,4.5e-10,4.5e-10,4.5e-10,4.5e-10,4.5e-10,4.5e-10,4.5e-10,4.5e-10,4.5e-10,4.5e-10,4.5e-10,4.5e-10,4.5e-10,4.5e-10,4.5e-10,4.5e-10,4.5e-10,4.5e-10,4.5e-10,4.5e-10,4.5e-10,4.5e-10,4.5e-10,4.5e-10,4.5e-10,4.5e-10,4.5e-10,4.5e-10,4.5e-10,4.5e-10,4.5e-10,4.5e-10,4.5e-10,4.5e-10
4.5e-10,4.5e-10,4.5e-10,4.5e-10,4.5e-10,4.5e-10,4.5e-10,4.5e-10,4.5e-10,4.5e-10,4.5e-10,4.5e-10,4.5e-10,4.5e-10,4.5e-10,4.5e-10,4.5e-10,4.5e-10,4.5e-10,4.5e-10,4.5e-10,4.5e-10,4.5e-10,4.5e-10,4.5e-10,4.5e-10,4.5e-10,4.5e-10,4.5e-10,4.5e-10,4.5e-10,4.5e-10,4.5e-10,4.5e-10,4.5e-10,4.5e-10,4.5e-10,4.5e-10,4.5e-10,4.5e-10,4.5e-10,4.5e-10,4.5e-10,4.5e-10,4.5e-10,4.5e-10,4.5e-10,4.5e-10,4.5e-10,4.5e-10,4.5e-10,4.5e-10,4.5e-10,4.5e-10,4.5e-10,4.5e-10,4.5e-10,4.5e-10,4.5e-10,4.5e-10,4.5e-10,4.5e-10,4.5e-10,4.5e-10
4.5e-10,4.5e-10,4.5e-10,4.5e-10,4.5e-10,4.5e-10,4.5e-10,4.5e-10,4.5e-10,4.5e-10,4.5e-10,4.5e-10,4.5e-10,4.5e-10,4.5e-10,4.5e-10,4.5e-10,4.5e-10,4.5e-10,4.5e-10,4.5e-10,4.5e-10,4.5e-10,4.5e-10,4.5e-10,4.5e-10,4.5e-10,4.5e-10,4.5e-10,4.5e-10,4.5e-10,4.5e-10,4.5e-10,4.5e-10,4.5e-10,4.5e-10,4.5e-10,4.5e-10,4.5e-10,4.5e-10,4.5e-10,4.5e-10,4.5e-10,4.5e-10,4.5e-10,4.5e-10,4.5e-10,4.5e-10,4.5e-10,4.5e-10,4.5e-10,4.5e-10,4.5e-10,4.5e-10,4.5e-10,4.5e-10,4.5e-10,4.5e-10,4.5e-10,4.5e-10,4.5e-10,4.5e-10,4.5e-10,4.5e-10
4.5e-10,4.5e-10,4.5e-10,4.5e-10,4.5e-10,4.5e-10,4.5e-10,4.5e-10,4.5e-10,4.5e-10,4.5e-10,4.5e-10,4.5e-10,4.5e-10,4.5e-10,4.5e-10,4.5e-10,4.5e-10,4.5e-10,4.5e-10,4.5e-10,4.5e-10,4.5e-10,4.5e-10,4.5e-10,4.5e-10,4.5e-10,4.5e-10,4.5e-10,4.5e-10,4.5e-10,4.5e-10,4.5e-10,4.5e-10,4.5e-10,4.5e-10,4.5e-10,4.5e-10,4.5e-10,4.5e-10,4.5e-10,4.5e-10,4.5e-10,4.5e-10,4.5e-10,4.5e-10,4.5e-10,4.5e-10,4.5e-10,4.5e-10,4.5e-10,4.5e-10,4.5e-10,4.5e-10,4.5e-10,4.5e-10,4.5e-10,4.5e-10,4.5e-10,4.5e-10,4.5e-10,4.5e-10,4.5e-10,4.5e-10
4.5e-10,4.5e-10,4.5e-10,4.5e-10,4.5e-10,4.5e-10,4.5e-10,4.5e-10,4.5e-10,4.5e-10,4.5e-10,4.5e-10,4.5e-10,4.5e-10,4.5e-10,4.5e-10,4.5e-10,4.5e-10,4.5e-10,4.5e-10,4.5e-10,4.5e-10,4.5e-10,4.5e-10,4.5e-10,4.5e-10,4.5e-10,4.5e-10,4.5e-10,4.5e-10,4.5e-10,4.5e-10,4.5e-10,4.5e-10,4.5e-10,4.5e-10,4.5e-10,4.5e-10,4.5e-10,4.5e-10,4.5e-10,4.5e-10,4.5e-10,4.5e-10,4.5e-10,4.5e-10,4.5e-10,4.5e-10,4.5e-10,4.5e-10,4.5e-10,4.5e-10,4.5e-10,4.5e-10,4.5e-10,4.5e-10,4.5e-10,4.5e-10,4.5e-10,4.5e-10,4.5e-10,4.5e-10,4.5e-10,4.5e-10
4.5e-10,4.5e-10,4.5e-10,4.5e-10,4.5e-10,4.5e-10,4.5e-10,4.5e-10,4.5e-10,4.5e-10,4.5e-10,4.5e-10,4.5e-10,4.5e-10,4.5e-10,4.5e-10,4.5e-10,4.5e-10,4.5e-10,4.5e-10,4.5e-10,4.5e-10,4.5e-10,4.5e-10,4.5e-10,4.5e-10,4.5e-10,4.5e-10,4.5e-10,4.5e-10,4.5e-10,4.5e-10,4.5e-10,4.5e-10,4.5e-10,4.5e-10,4.5e-10,4.5e-10,4.5e-10,4.5e-10,4.5e-10,4.5e-10,4.5e-10,4.5e-10,4.5e-10,4.5e-10,4.5e-10,4.5e-10,4.5e-10,4.5e-10,4.5e-10,4.5e-10,4.5e-10,4.5e-10,4.5e-10,4.5e-10,4.5e-10,4.5e-10,4.5e-10,4.5e-10,4.5e-10,4.5e-10,4.5e-10,4.5e-10
4.5e-10,4.5e-10,4.5e-10,4.5e-10,4.5e-10,4.5e-10,4.5e-10,4.5e-10,4.5e-10,4.5e-10,4.5e-10,4.5e-10,4.5e-10,4.5e-10,4.5e-10,4.5e-10,4.5e-10,4.5e-10,4.5e-10,4.5e-10,4.5e-10,4.5e-10,4.5e-10,4.5e-10,4.5e-10,4.5e-10,4.5e-10,4.5e-10,4.5e-10,4.5e-10,4.5e-10,4.5e-10,4.5e-10,4.5e-10,4.5e-10,4.5e-10,4.5e-10,4.5e-10,4.5e-10,4.5e-10,4.5e-10,4.5e-10,4.5e-10,4.5e-10,4.5e-10,4.5e-10,4.5e-10,4.5e-10,4.5e-10,4.5e-10,4.5e-10,4.5e-10,4.5e-10,4.5e-10,4.5e-10,4.5e-10,4.5e-10,4.5e-10,4.5e-10,4.5e-10,4.5e-10,4.5e-10,4.5e-10,4.5e-10
4.5e-10,4.5e-10,4.5e-10,4.5e-10,4.5e-10,4.5e-10,4.5e-10,4.5e-10,4.5e-10,4.5e-10,4.5e-10,4.5e-10,4.5e-10,4.5e-10,4.5e-10,4.5e-10,4.5e-10,4.5e-10,4.5e-10,4.5e-10,4.5e-10,4.5e-10,4.5e-10,4.5e-10,4.5e-10,4.5e-10,4.5e-10,4.5e-10,4.5e-10,4.5e-10,4.5e-10,4.5e-10,4.5e-10,4.5e-10,4.5e-10,4.5e-10,4.5e-10,4.5e-10,4.5e-10,4.5e-10,4.5e-10,4.5e-10,4.5e-10,4.5e-10,4.5e-10,4.5e-10,4.5e-10,4.5e-10,4.5e-10,4.5e-10,4.5e-10,4.5e-10,4.5e-10,4.5e-10,4.5e-10,4.5e-10,4.5e-10,4.5e-10,4.5e-10,4.5e-10,4.5e-10,4.5e-10,4.5e-10,4.5e-10
4.5e-10,4.5e-10,4.5e-10,4.5e-10,4.5e-10,4.5e-10,4.5e-10,4.5e-10,4.5e-10,4.5e-10,4.5e-10,4.5e-10,4.5e-10,4.5e-10,4.5e-10,4.5e-10,4.5e-10,4.5e-10,4.5e-10,4.5e-10,4.5e-10,4.5e-10,4.5e-10,4.5e-10,4.5e-10,4.5e-10,4.5e-10,4.5e-10,4.5e-10,4.5e-10,4.5e-10,4.5e-10,4.5e-10,4.5e-10,4.5e-10,4.5e-10,4.5e-10,4.5e-10,4.5e-10,4.5e-10,4.5e-10,4.5e-10,4.5e-10,4.5e-10,4.5e-10,4.5e-10,4.5e-10,4.5e-10,4.5e-10,4.5e-10,4.5e-10,4.5e-10,4.5e-10,4.5e-10,4.5e-10,4.5e-10,4.5e-10,4.5e-10,4.5e-10,4.5e-10,4.5e-10,4.5e-10,4.5e-10,4.5e-10
4.5e-10,4.5e-10,4.5e-10,4.5e-10,4.5e-10,4.5e-10,4.5e-10,4.5e-10,4.5e-10,4.5e-10,4.5e-10,4.5e-10,4.5e-10,4.5e-10,4.5e-10,4.5e-10,4.5e-10,4.5e-10,4.5e-10,4.5e-10,4.5e-10,4.5e-10,4.5e-10,4.5e-10,4.5e-10,4.5e-10,4.5e-10,4.5e-10,4.5e-10,4.5e-10,4.5e-10,4.5e-10,4.5e-10,4.5e-10,4.5e-10,4.5e-10,4.5e-10,4.5e-10,4.5e-10,4.5e-10,4.5e-10,4.5e-10,4.5e-10,4.5e-10,4.5e-10,4.5e-10,4.5e-10,4.5e-10,4.5e-10,4.5e-10,4.5e-10,4.5e-10,4.5e-10,4.5e-10,4.5e-10,4.5e-10,4.5e-10,4.5e-10,4.5e-10,4.5e-10,4.5e-10,4.5e-10,4.5e-10,4.5e-10
4.5e-10,4.5e-10,4.5e-10,4.5e-10,4.5e-10,4.5e-10,4.5e-10,4.5e-10,4.5e-10,4.5e-10,4.5e-10,4.5e-10,4.5e-10,4.5e-10,4.5e-10,4.5e-10,4.5e-10,4.5e-10,4.5e-10,4.5e-10,4.5e-10,4.5e-10,4.5e-10,4.5e-10,4.5e-10,4.5e-10,4.5e-10,4.5e-10,4.5e-10,4.5e-10,4.5e-10,4.5e-10,4.5e-10,4.5e-10,4.5e-10,4.5e-10,4.5e-10,4.5e-10,4.5e-10,4.5e-10,4.5e-10,4.5e-10,4.5e-10,4.5e-10,4.5e-10,4.5e-10,4.5e-10,4.5e-10,4.5e-10,4.5e-10,4.5e-10,4.5e-10,4.5e-10,4.5e-10,4.5e-10,4.5e-10,4.5e-10,4.5e-10,4.5e-10,4.5e-10,4.5e-10,4.5e-10,4.5e-10,4.5e-10
4.5e-10,4.5e-10,4.5e-10,4.5e-10,4.5e-10,4.5e-10,4.5e-10,4.5e-10,4.5e-10,4.5e-10,4.5e-10,4.5e-10,4.5e-10,4.5e-10,4.5e-10,4.5e-10,4.5e-10,4.5e-10,4.5e-10,4.5e-10,4.5e-10,4.5e-10,4.5e-10,4.5e-10,4.5e-10,4.5e-10,4.5e-10,4.5e-10,4.5e-10,4.5e-10,4.5e-10,4.5e-10,4.5e-10,4.5e-10,4.5e-10,4.5e-10,4.5e-10,4.5e-10,4.5e-10,4.5e-10,4.5e-10,4.5e-10,4.5e-10,4.5e-10,4.5e-10,4.5e-10,4.5e-10,4.5e-10,4.5e-10,4.5e-10,4.5e-10,4.5e-10,4.5e-10,4.5e-10,4.5e-10,4.5e-10,4.5e-10,4.5e-10,4.5e-10,4.5e-10,4.5e-10,4.5e-10,4.5e-10,4.5e-10
4.5e-10,4.5e-10,4.5e-10,4.5e-10,4.5e-10,4.5e-10,4.5e-10,4.5e-10,4.5e-10,4.5e-10,4.5e-10,4.5e-10,4.5e-10,4.5e-10,4.5e-10,4.5e-10,4.5e-10,4.5e-10,4.5e-10,4.5e-10,4.5e-10,4.5e-10,4.5e-10,4.5e-10,4.5e-10,4.5e-10,4.5e-10,4.5e-10,4.5e-10,4.5e-10,4.5e-10,4.5e-10,4.5e-10,4.5e-10,4.5e-10,4.5e-10,4.5e-10,4.5e-10,4.5e-10,4.5e-10,4.5e-10,4.5e-10,4.5e-10,4.5e-10,4.5e-10,4.5e-10,4.5e-10,4.5e-10,4.5e-10,4.5e-10,4.5e-10,4.5e-10,4.5e-10,4.5e-10,4.5e-10,4.5e-10,4.5e-10,4.5e-10,4.5e-10,4.5e-10,4.5e-10,4.5e-10,4.5e-10,4.5e-10
4.5e-10,4.5e-10,4.5e-10,4.5e-10,4.5e-10,4.5e-10,4.5e-10,4.5e-10,4.5e-10,4.5e-10,4.5e-10,4.5e-10,4.5e-10,4.5e-10,4.5e-10,4.5e-10,4.5e-10,4.5e-10,4.5e-10,4.5e-10,4.5e-10,4.5e-10,4.5e-10,4.5e-10,4.5e-10,4.5e-10,4.5e-10,4.5e-10,4.5e-10,4.5e-10,4.5e-10,4.5e-10,4.5e-10,4.5e-10,4.5e-10,4.5e-10,4.5e-10,4.5e-10,4.5e-10,4.5e-10,4.5e-10,4.5e-10,4.5e-10,4.5e-10,4.5e-10,4.5e-10,4.5e-10,4.5e-10,4.5e-10,4.5e-10,4.5e-10,4.5e-10,4.5e-10,4.5e-10,4.5e-10,4.5e-10,4.5e-10,4.5e-10,4.5e-10,4.5e-10,4.5e-10,4.5e-10,4.5e-10,4.5e-10
4.5e-10,4.5e-10,4.5e-10,4.5e-10,4.5e-10,4.5e-10,4.5e-10,4.5e-10,4.5e-10,4.5e-10,4.5e-10,4.5e-10,4.5e-10,4.5e-10,4.5e-10,4.5e-10,4.5e-10,4.5e-10,4.5e-10,4.5e-10,4.5e-10,4.5e-10,4.5e-10,4.5e-10,4.5e-10,4.5e-10,4.5e-10,4.5e-10,4.5e-10,4.5e-10,4.5e-10,4.5e-10,4.5e-10,4.5e-10,4.5e-10,4.5e-10,4.5e-10,4.5e-10,4.5e-10,4.5e-10,4.5e-10,4.5e-10,4.5e-10,4.5e-10,4.5e-10,4.5e-10,4.5e-10,4.5e-10,4.5e-10,4.5e-10,4.5e-10,4.5e-10,4.5e-10,4.5e-10,4.5e-10,4.5e-10,4.5e-10,4.5e-10,4.5e-10,4.5e-10,4.5e-10,4.5e-10,4.5e-10,4.5e-10
4.5e-10,4.5e-10,4.5e-10,4.5e-10,4.5e-10,4.5e-10,4.5e-10,4.5e-10,4.5e-10,4.5e-10,4.5e-10,4.5e-10,4.5e-10,4.5e-10,4.5e-10,4.5e-10,4.5e-10,4.5e-10,4.5e-10,4.5e-10,4.5e-10,4.5e-10,4.5e-10,4.5e-10,4.5e-10,4.5e-10,4.5e-10,4.5e-10,4.5e-10,4.5e-10,4.5e-10,4.5e-10,4.5e-10,4.5e-10,4.5e-10,4.5e-10,4.5e-10,4.5e-10,4.5e-10,4.5e-10,4.5e-10,4.5e-10,4.5e-10,4.5e-10,4.5e-10,4.5e-10,4.5e-10,4.5e-10,4.5e-10,4.5e-10,4.5e-10,4.5e-10,4.5e-10,4.5e-10,4.5e-10,4.5e-10,4.5e-10,4.5e-10,4.5e-10,4.5e-10,4.5e-10,4.5e-10,4.5e-10,4.5e-10
4.5e-10,4.5e-10,4.5e-10,4.5e-10,4.5e-10,4.5e-10,4.5e-10,4.5e-10,4.5e-10,4.5e-10,4.5e-10,4.5e-10,4.5e-10,4.5e-10,4.5e-10,4.5e-10,4.5e-10,4.5e-10,4.5e-10,4.5e-10,4.5e-10,4.5e-10,4.5e-10,4.5e-10,4.5e-10,4.5e-10,4.5e-10,4.5e-10,4.5e-10,4.5e-10,4.5e-10,4.5e-10,4.5e-10,4.5e-10,4.5e-10,4.5e-10,4.5e-10,4.5e-10,4.5e-10,4.5e-10,4.5e-10,4.5e-10,4.5e-10,4.5e-10,4.5e-10,4.5e-10,4.5e-10,4.5e-10,4.5e-10,4.5e-10,4.5e-10,4.5e-10,4.5e-10,4.5e-10,4.5e-10,4.5e-10,4.5e-10,4.5e-10,4.5e-10,4.5e-10,4.5e-10,4.5e-10,4.5e-10,4.5e-10
4.5e-10,4.5e-10,4.5e-10,4.5e-10,4.5e-10,4.5e-10,4.5e-10,4.5e-10,4.5e-10,4.5e-10,4.5e-10,4.5e-10,4.5e-10,4.5e-10,4.5e-10,4.5e-10,4.5e-10,4.5e-10,4.5e-10,4.5e-10,4.5e-10,4.5e-10,4.5e-10,4.5e-10,4.5e-10,4.5e-10,4.5e-10,4.5e-10,4.5e-10,4.5e-10,4.5e-10,4.5e-10,4.5e-10,4.5e-10,4.5e-10,4.5e-10,4.5e-10,4.5e-10,4.5e-10,4.5e-10,4.5e-10,4.5e-10,4.5e-10,4.5e-10,4.5e-10,4.5e-10,4.5e-10,4.5e-10,4.5e-10,4.5e-10,4.5e-10,4.5e-10,4.5e-10,4.5e-10,4.5e-10,4.5e-10,4.5e-10,4.5e-10,4.5e-10,4.5e-10,4.5e-10,4.5e-10,4.5e-10,4.5e-10
4.5e-10,4.5e-10,4.5e-10,4.5e-10,4.5e-10,4.5e-10,4.5e-10,4.5e-10,4.5e-10,4.5e-10,4.5e-10,4.5e-10,4.5e-10,4.5e-10,4.5e-10,4.5e-10,4.5e-10,4.5e-10,4.5e-10,4.5e-10,4.5e-10,4.5e-10,4.5e-10,4.5e-10,4.5e-10,4.5e-10,4.5e-10,4.5e-10,4.5e-10,4.5e-10,4.5e-10,4.5e-10,4.5e-10,4.5e-10,4.5e-10,4.5e-10,4.5e-10,4.5e-10,4.5e-10,4.5e-10,4.5e-10,4.5e-10,4.5e-10,4.5e-10,4.5e-10,4.5e-10,4.5e-10,4.5e-10,4.5e-10,4.5e-10,4.5e-10,4.5e-10,4.5e-10,4.5e-10,4.5e-10,4.5e-10,4.5e-10,4.5e-10,4.5e-10,4.5e-10,4.5e-10,4.5e-10,4.5e-10,4.5e-10
4.5e-10,4.5e-10,4.5e-10,4.5e-10,4.5e-10,4.5e-10,4.5e-10,4.5e-10,4.5e-10,4.5e-10,4.5e-10,4.5e-10,4.5e-10,4.5e-10,4.5e-10,4.5e-10,4.5e-10,4.5e-10,4.5e-10,4.5e-10,4.5e-10,4.5e-10,4.5e-10,4.5e-10,4.5e-10,4.5e-10,4.5e-10,4.5e-10,4.5e-10,4.5e-10,4.5e-10,4.5e-10,4.5e-10,4.5e-10,4.5e-10,4.5e-10,4.5e-10,4.5e-10,4.5e-10,4.5e-10,4.5e-10,4.5e-10,4.5e-10,4.5e-10,4.5e-10,4.5e-10,4.5e-10,4.5e-10,4.5e-10,4.5e-10,4.5e-10,4.5e-10,4.5e-10,4.5e-10,4.5e-10,4.5e-10,4.5e-10,4.5e-10,4.5e-10,4.5e-10,4.5e-10,4.5e-10,4.5e-10,4.5e-10
