1e-08,1e-08,1e-08,1e-08,1e-08,1e-08,1e-08,1e-08,1e-08,1e-08,1e-08,1e-08,1e-08,1e-08,1e-08,1e-08,1e-08,1e-08,1e-08,1e-08,1e-08,1e-08,1e-08,1e-08,1e-08,1e-08,1e-08,1e-08,1e-08,1e-08,1e-08,4.5e-10,4.5e-10,4.5e-10,4.5e-10,4.5e-10,4.5e-10,4.5e-10,4.5e-10,4.5e-10,4.5e-10,4.5e-10,4.5e-10,4.5e-10,4.5e-10,4.5e-10,4.5e-10,4.5e-10,4.5e-10,4.5e-10,4.5e-10,4.5e-10,4.5e-10,4.5e-10,4.5e-10,4.5e-10,4.5e-10,4.5e-10,4.5e-10,4.5e-10,4.5e-10,4.5e-10,4.5e-10,4.5e-10
4.5e-10,4.5e-10,4.5e-10,4.5e-10,4.5e-10,4.5e-10,4.5e-10,4.5e-10,4.5e-10,4.5e-10,4.5e-10,4.5e-10,4.5e-10,4.5e-10,4.5e-10,4.5e-10,4.5e-10,4.5e-10,4.5e-10,4.5e-10,4.5e-10,4.5e-10,4.5e-10,4.5e-10,4.5e-10,4.5e-10,4.5e-10,4.5e-10,4.5e-10,4.5e-10,4.5e-10,4.5e-10,4.5e-10,4.5e-10,4.5e-10,4.5e-10,4.5e-10,4.5e-10,4.5e-10,4.5e-10,4.5e-10,4.5e-10,4.5e-10,4.5e-10,4.5e-10,4.5e-10,4.5e-10,4.5e-10,4.5e-10,4.5e-10,4.5e-10,4.5e-10,4.5e-10,4.5e-10,4.5e-10,4.5e-10,4.5e-10,4.5e-10,4.5e-10,4.5e-10,4.5e-10,4.5e-10,4.5e-10,4.5e-10
4.5e-10,4.5e-10,4.5e-10,4.5e-10,4.5e-10,4.5e-10,4.5e-10,4.5e-10,4.5e-10,4.5e-10,4.5e-10,4.5e-10,4.5e-10,4.5e-10,4.5e-10,4.5e-10,4.5e-10,4.5e-10,4.5e-10,4.5e-10,4.5e-10,4.5e-10,4.5e-10,4.5e-10,4.5e-10,4.5e-10,4.5e-10,4.5e-10,4.5e-10,4.5e-10,4.5e-10,4.5e-10,4.5e-10,4.5e-10,4.5e-10,4.5e-10,4.5e-10,4.5e-10,4.5e-10,4.5e-10,4.5e-10,4.5e-10,4.5e-10,4.5e-10,4.5e-10,4.5e-10,4.5e-10,4.5e-10,4.5e-10,4.5e-10,4.5e-10,4.5e-10,4.5e-10,4.5e-10,4.5e-10,4.5e-10,4.5e-10,4.5e-10,4.5e-10,4.5e-10,4.5e-10,4.5e-10,4.5e-10,4.5e-10
4.5e-10,4.5e-10,4.5e-10,4.5e-10,4.5e-10,4.5e-10,4.5e-10,4.5e-10,4.5e-10,4.5e-10,4.5e-10,4.5e-10,4.5e-10,4.5e-10,4.5e-10,4.5e-10,4.5e-10,4.5e-10,4.5e-10,4.5e-10,4.5e-10,4.5e-10,4.5e-10,4.5e-10,4.5e-10,4.5e-10,4.5e-10,4.5e-10,4.5e-10,4.5e-10,4.5e-10,4.5e-10,4.5e-10,4.5e-10,4.5e-10,4.5e-10,4.5e-10,4.5e-10,4.5e-10,4.5e-10,4.5e-10,4.5e-10,4.5e-10,4.5e-10,4.5e-10,4.5e-10,4.5e-10,4.5e-10,4.5e-10,4.5e-10,4.5e-10,4.5e-10,4.5e-10,4.5e-10,4.5e-10,4.5e-10,4.5e-10,4.5e-10,4.5e-10,4.5e-10,4.5e-10,4.5e-10,4.5e-10,4.5e-10
4.5e-10,4.5e-10,4.5e-10,4.5e-10,4.5e-10,4.5e-10,4.5e-10,4.5e-10,4.5e-10,4.5e-10,4.5e-10,4.5e-10,4.5e-10,4.5e-10,4.5e-10,4.5e-10,4.5e-10,4.5e-10,4.5e-10,4.5e-10,4.5e-10,4.5e-10,4.5e-10,4.5e-10,4.5e-10,4.5e-10,4.5e-10,4.5e-10,4.5e-10,4.5e-10,4.5e-10,4.5e-10,4.5e-10,4.5e-10,4.5e-10,4.5e-10,4.5e-10,4.5e-10,4.5e-10,4.5e-10,4.5e-10,4.5e-10,4.5e-10,4.5e-10,4.5e-10,4.5e-10,4.5e-10,4.5e-10,4.5e-10,4.5e-10,4.5e-10,4.5e-10,4.5e-10,4.5e-10,4.5e-10,4.5e-10,4.5e-10,4.5e-10,4.5e-10,4.5e-10,4.5e-10,4.5e-10,4.5e-10,4.5e-10
4.5e-10,4.5e-10,4.5e-10,4.5e-10,4.5e-10,4.5e-10,4.5e-10,4.5e-10,4.5e-10,4.5e-10,4.5e-10,4.5e-10,4.5e-10,4.5e-10,4.5e-10,4.5e-10,4.5e-10,4.5e-10,4.5e-10,4.5e-10,4.5e-10,4.5e-10,4.5e-10,4.5e-10,4.5e-10,4.5e-10,4.5e-10,4.5e-10,4.5e-10,4.5e-10,4.5e-10,4.5e-10,4.5e-10,4.5e-10,4.5e-10,4.5e-10,4.5e-10,4.5e-10,4.5e-10,4.5e-10,4.5e-10,4.5e-10,4.5e-10,4.5e-10,4.5e-10,4.5e-10,4.5e-10,4.5e-10,4.5e-10,4.5e-10,4.5e-10,4.5e-10,4.5e-10,4.5e-10,4.5e-10,4.5e-10,4.5e-10,4.5e-10,4.5e-10,4.5e-10,4.5e-10,4.5e-10,4.5e-10,4.5e-10
4.5e-10,4.5e-10,4.5e-10,4.5e-10,4.5e-10,4.5e-10,4.5e-10,4.5e-10,4.5e-10,4.5e-10,4.5e-10,4.5e-10,4.5e-10,4.5e-10,4.5e-10,4.5e-10,4.5e-10,4.5e-10,4.5e-10,4.5e-10,4.5e-10,4.5e-10,4.5e-10,4.5e-10,4.5e-10,4.5e-10,4.5e-10,4.5e-10,4.5e-10,4.5e-10,4.5e-10,4.5e-10,4.5e-10,4.5e-10,4.5e-10,4.5e-10,4.5e-10,4.5e-10,4.5e-10,4.5e-10,4.5e-10,4.5e-10,4.5e-10,4.5e-10,4.5e-10,4.5e-10,4.5e-10,4.5e-10,4.5e-10,4.5e-10,4.5e-10,4.5e-10,4.5e-10,4.5e-10,4.5e-10,4.5e-10,4.5e-10,4.5e-10,4.5e-10,4.5e-10,4.5e-10,4.5e-10,4.5e-10,4.5e-10
4.5e-10,4.5e-10,4.5e-10,4.5e-10,4.5e-10,4.5e-10,4.5e-10,4.5e-10,4.5e-10,4.5e-10,4.5e-10,4.5e-10,4.5e-10,4.5e-10,4.5e-10,4.5e-10,4.5e-10,4.5e-10,4.5e-10,4.5e-10,4.5e-10,4.5e-10,4.5e-10,4.5e-10,4.5e-10,4.5e-10,4.5e-10,4.5e-10,4.5e-10,4.5e-10,4.5e-10,4.5e-10,4.5e-10,4.5e-10,4.5e-10,4.5e-10,4.5e-10,4.5e-10,4.5e-10,4.5e-10,4.5e-10,4.5e-10,4.5e-10,4.5e-10,4.5e-10,4.5e-10,4.5e-10,4.5e-10,4.5e-10,4.5e-10,4.5e-10,4.5e-10,4.5e-10,4.5e-10,4.5e-10,4.5e-10,4.5e-10,4.5e-10,4.5e-10,4.5e-10,4.5e-10,4.5e-10,4.5e-10,4.5e-10
4.5e-10,4.5e-10,4.5e-10,4.5e-10,4.5e-10,4.5e-10,4.5e-10,4.5e-10,4.5e-10,4.5e-10,4.5e-10,4.5e-10,4.5e-10,4.5e-10,4.5e-10,4.5e-10,4.5e-10,4.5e-10,4.5e-10,4.5e-10,4.5e-10,4.5e-10,4.5e-10,4.5e-10,4.5e-10,4.5e-10,4.5e-10,4.5e-10,4.5e-10,4.5e-10,4.5e-10,4.5e-10,4.5e-10,4.5e-10,4.5e-10,4.5e-10,4.5e-10,4.5e-10,4.5e-10,4.5e-10,4.5e-10,4.5e-10,4.5e-10,4.5e-10,4.5e-10,4.5e-10,4.5e-10,4.5e-10,4.5e-10,4.5e-10,4.5e-10,4.5e-10,4.5e-10,4.5e-10,4.5e-10,4.5e-10,4.5e-10,4.5e-10,4.5e-10,4.5e-10,4.5e-10,4.5e-10,4.5e-10,4.5e-10
4.5e-10,4.5e-10,4.5e-10,4.5e-10,4.5e-10,4.5e-10,4.5e-10,2.0445e-10,2.0445e-10,2.0445e-10,2.0445e-10,2.0445e-10,2.0445e-10,4.5e-10,4.5e-10,4.5e-10,4.5e-10,4.5e-10,4.5e-10,4.5e-10,4.5e-10,4.5e-10,4.5e-10,4.5e-10,4.5e-10,4.5e-10,4.5e-10,4.5e-10,4.5e-10,4.5e-10,4.5e-10,4.5e-10,4.5e-10,4.5e-10,4.5e-10,4.5e-10,4.5e-10,4.5e-10,4.5e-10,4.5e-10,4.5e-10,4.5e-10,4.5e-10,4.5e-10,4.5e-10,4.5e-10,4.5e-10,4.5e-10,4.5e-10,4.5e-10,4.5e-10,4.5e-10,4.5e-10,4.5e-10,4.5e-10,4.5e-10,4.5e-10,4.5e-10,4.5e-10,4.5e-10,4.5e-10,4.5e-10,4.5e-10,4.5e-10
4.5e-10,4.5e-10,4.5e-10,4.5e-10,4.5e-10,4.5e-10,4.5e-10,2.0445e-10,2.0445e-10,2.0445e-10,2.0445e-10,2.0445e-10,2.0445e-10,4.5e-10,4.5e-10,4.5e-10,4.5e-10,4.5e-10,4.5e-10,4.5e-10,4.5e-10,4.5e-10,4.5e-10,4.5e-10,4.5e-10,4.5e-10,4.5e-10,4.5e-10,4.5e-10,4.5e-10,4.5e-10,4.5e-10,4.5e-10,4.5e-10,4.5e-10,4.5e-10,4.5e-10,4.5e-10,4.5e-10,4.5e-10,4.5e-10,4.5e-10,4.5e-10,4.5e-10,4.5e-10,4.5e-10,4.5e-10,4.5e-10,4.5e-10,4.5e-10,4.5e-10,4.5e-10,4.5e-10,4.5e-10,4.5e-10,4.5e-10,4.5e-10,4.5e-10,4.5e-10,4.5e-10,4.5e-10,4.5e-10,4.5e-10,4.5e-10
4.5e-10,4.5e-10,4.5e-10,4.5e-10,4.5e-10,4.5e-10,4.5e-10,2.0445e-10,2.0445e-10,2.0445e-10,2.0445e-10,2.0445e-10,2.0445e-10,4.5e-10,4.5e-10,4.5e-10,4.5e-10,4.5e-10,4.5e-10,4.5e-10,4.5e-10,4.5e-10,4.5e-10,4.5e-10,4.5e-10,4.5e-10,4.5e-10,4.5e-10,4.5e-10,4.5e-10,4.5e-10,4.5e-10,4.5e-10,4.5e-10,4.5e-10,4.5e-10,4.5e-10,4.5e-10,4.5e-10,4.5e-10,4.5e-10,4.5e-10,4.5e-10,4.5e-10,4.5e-10,4.5e-10,4.5e-10,4.5e-10,4.5e-10,4.5e-10,4.5e-10,4.5e-10,4.5e-10,4.5e-10,4.5e-10,4.5e-10,4.5e-10,4.5e-10,4.5e-10,4.5e-10,4.5e-10,4.5e-10,4.5e-10,4.5e-10
4.5e-10,4.5e-10,4.5e-10,4.5e-10,4.5e-10,4.5e-10,4.5e-10,2.0445e-10,2.0445e-10,2.0445e-10,2.0445e-10,2.0445e-10,2.0445e-10,4.5e-10,4.5e-10,4.5e-10,4.5e-10,4.5e-10,4.5e-10,4.5e-10,4.5e-10,4.5e-10,4.5e-10,4.5e-10,4.5e-10,4.5e-10,4.5e-10,4.5e-10,4.5e-10,4.5e-10,4.5e-10,4.5e-10,4.5e-10,4.5e-10,4.5e-10,4.5e-10,4.5e-10,4.5e-10,4.5e-10,4.5e-10,4.5e-10,4.5e-10,4.5e-10,4.5e-10,4.5e-10,4.5e-10,4.5e-10,4.5e-10,4.5e-10,4.5e-10,4.5e-10,4.5e-10,4.5e-10,4.5e-10,4.5e-10,4.5e-10,4.5e-10,4.5e-10,4.5e-10,4.5e-10,4.5e-10,4.5e-10,4.5e-10,4.5e-10
4.5e-10,4.5e-10,4.5e-10,4.5e-10,4.5e-10,4.5e-10,4.5e-10,2.0445e-10,2.0445e-10,2.0445e-10,2.0445e-10,2.0445e-10,2.0445e-10,4.5e-10,4.5e-10,4.5e-10,4.5e-10,4.5e-10,4.5e-10,4.5e-10,4.5e-10,4.5e-10,4.5e-10,4.5e-10,4.5e-10,4.5e-10,4.5e-10,4.5e-10,4.5e-10,4.5e-10,4.5e-10,4.5e-10,4.5e-10,4.5e-10,4.5e-10,4.5e-10,4.5e-10,4.5e-10,4.5e-10,4.5e-10,4.5e-10,4.5e-10,4.5e-10,4.5e-10,4.5e-10,4.5e-10,4.5e-10,4.5e-10,4.5e-10,4.5e-10,4.5e-10,4.5e-10,4.5e-10,4.5e-10,4.5e-10,4.5e-10,4.5e-10,4.5e-10,4.5e-10,4.5e-10,4.5e-10,4.5e-10,4.5e-10,4.5e-10
4.5e-10,4.5e-10,4.5e-10,4.5e-10,4.5e-10,4.5e-10,4.5e-10,2.0445e-10,2.0445e-10,2.0445e-10,2.0445e-10,2.0445e-10,2.0445e-10,4.5e-10,4.5e-10,4.5e-10,4.5e-10,4.5e-10,4.5e-10,4.5e-10,4.5e-10,4.5e-10,4.5e-10,4.5e-10,4.5e-10,4.5e-10,4.5e-10,4.5e-10,4.5e-10,4.5e-10,4.5e-10,4.5e-10,4.5e-10,4.5e-10,4.5e-10,4.5e-10,4.5e-10,4.5e-10,4.5e-10,4.5e-10,2.0445e-10,2.0445e-10,2.0445e-10,2.0445e-10,2.0445e-10,4.5e-10,4.5e-10,4.5e-10,4.5e-10,4.5e-10,4.5e-10,4.5e-10,4.5e-10,4.5e-10,4.5e-10,4.5e-10,4.5e-10,4.5e-10,4.5e-10,4.5e-10,4.5e-10,4.5e-10,4.5e-10,4.5e-10
4.5e-10,4.5e-10,4.5e-10,4.5e-10,4.5e-10,4.5e-10,4.5e-10,2.0445e-10,2.0445e-10,2.0445e-10,2.0445e-10,2.0445e-10,2.0445e-10,4.5e-10,4.5e-10,4.5e-10,4.5e-10,4.5e-10,4.5e-10,4.5e-10,4.5e-10,4.5e-10,4.5e-10,4.5e-10,4.5e-10,4.5e-10,4.5e-10,4.5e-10,4.5e-10,4.5e-10,4.5e-10,4.5e-10,4.5e-10,4.5e-10,4.5e-10,4.5e-10,4.5e-10,4.5e-10,2.0445e-10,2.0445e-10,2.0445e-10,2.0445e-10,2.0445e-10,2.0445e-10,2.0445e-10,2.0445e-10,2.0445e-10,4.5e-10,4.5e-10,4.5e-10,4.5e-10,4.5e-10,4.5e-10,4.5e-10,4.5e-10,4.5e-10,4.5e-10,4.5e-10,4.5e-10,4.5e-10,4.5e-10,4.5e-10,4.5e-10,4.5e-10
4.5e-10,4.5e-10,4.5e-10,4.5e-10,4.5e-10,4.5e-10,4.5e-10,2.0445e-10,2.0445e-10,2.0445e-10,2.0445e-10,2.0445e-10,2.0445e-10,4.5e-10,4.5e-10,4.5e-10,4.5e-10,4.5e-10,4.5e-10,4.5e-10,4.5e-10,4.5e-10,4.5e-10,4.5e-10,4.5e-10,4.5e-10,4.5e-10,4.5e-10,4.5e-10,4.5e-10,4.5e-10,4.5e-10,4.5e-10,4.5e-10,4.5e-10,4.5e-10,4.5e-10,2.0445e-10,2.0445e-10,2.0445e-10,2.0445e-10,2.0445e-10,2.0445e-10,2.0445e-10,2.0445e-10,2.0445e-10,2.0445e-10,2.0445e-10,4.5e-10,4.5e-10,4.5e-10,4.5e-10,4.5e-10,4.5e-10,4.5e-10,4.5e-10,4.5e-10,4.5e-10,4.5e-10,4.5e-10,4.5e-10,4.5e-10,4.5e-10,4.5e-10
4.5e-10,4.5e-10,4.5e-10,4.5e-10,4.5e-10,4.5e-10,4.5e-10,2.0445e-10,2.0445e-10,2.0445e-10,2.0445e-10,2.0445e-10,2.0445e-10,4.5e-10,4.5e-10,4.5e-10,4.5e-10,4.5e-10,4.5e-10,4.5e-10,4.5e-10,4.5e-10,4.5e-10,4.5e-10,4.5e-10,4.5e-10,4.5e-10,4.5e-10,4.5e-10,4.5e-10,4.5e-10,4.5e-10,4.5e-10,4.5e-10,4.5e-10,4.5e-10,2.0445e-10,2.0445e-10,2.0445e-10,2.0445e-10,2.0445e-10,2.0445e-10,2.0445e-10,2.0445e-10,2.0445e-10,2.0445e-10,2.0445e-10,2.0445e-10,2.0445e-10,4.5e-10,4.5e-10,4.5e-10,4.5e-10,4.5e-10,4.5e-10,4.5e-10,4.5e-10,4.5e-10,4.5e-10,4.5e-10,4.5e-10,4.5e-10,4.5e-10,4.5e-10
4.5e-10,4.5e-10,4.5e-10,4.5e-10,4.5e-10,4.5e-10,4.5e-10,2.0445e-10,2.0445e-10,2.0445e-10,2.0445e-10,2.0445e-10,2.0445e-10,4.5e-10,4.5e-10,4.5e-10,4.5e-10,4.5e-10,4.5e-10,4.5e-10,4.5e-10,4.5e-10,4.5e-10,4.5e-10,4.5e-10,4.5e-10,4.5e-10,4.5e-10,4.5e-10,4.5e-10,4.5e-10,4.5e-10,4.5e-10,4.5e-10,4.5e-10,4.5e-10,2.0445e-10,2.0445e-10,2.0445e-10,2.0445e-10,2.0445e-10,2.0445e-10,2.0445e-10,2.0445e-10,2.0445e-10,2.0445e-10,2.0445e-10,2.0445e-10,2.0445e-10,4.5e-10,4.5e-10,4.5e-10,4.5e-10,4.5e-10,4.5e-10,4.5e-10,4.5e-10,4.5e-10,4.5e-10,4.5e-10,4.5e-10,4.5e-10,4.5e-10,4.5e-10
4.5e-10,4.5e-10,4.5e-10,4.5e-10,4.5e-10,4.5e-10,4.5e-10,2.0445e-10,2.0445e-10,2.0445e-10,2.0445e-10,2.0445e-10,2.0445e-10,4.5e-10,4.5e-10,4.5e-10,4.5e-10,4.5e-10,4.5e-10,4.5e-10,4.5e-10,4.5e-10,4.5e-10,4.5e-10,4.5e-10,4.5e-10,4.5e-10,4.5e-10,4.5e-10,4.5e-10,4.5e-10,4.5e-10,4.5e-10,4.5e-10,4.5e-10,2.0445e-10,2.0445e-10,2.0445e-10,2.0445e-10,2.0445e-10,2.0445e-10,2.0445e-10,2.0445e-10,2.0445e-10,2.0445e-10,2.0445e-10,2.0445e-10,2.0445e-10,2.0445e-10,2.0445e-10,4.5e-10,4.5e-10,4.5e-10,4.5e-10,4.5e-10,4.5e-10,4.5e-10,4.5e-10,4.5e-10,4.5e-10,4.5e-10,4.5e-10,4.5e-10,4.5e-10
4.5e-10,4.5e-10,4.5e-10,4.5e-10,4.5e-10,4.5e-10,4.5e-10,2.0445e-10,2.0445e-10,2.0445e-10,2.0445e-10,2.0445e-10,2.0445e-10,4.5e-10,4.5e-10,4.5e-10,4.5e-10,4.5e-10,4.5e-10,4.5e-10,4.5e-10,4.5e-10,4.5e-10,4.5e-10,4.5e-10,4.5e-10,4.5e-10,4.5e-10,4.5e-10,4.5e-10,4.5e-10,4.5e-10,4.5e-10,4.5e-10,4.5e-10,2.0445e-10,2.0445e-10,2.0445e-10,2.0445e-10,2.0445e-10,2.0445e-10,2.0445e-10,2.0445e-10,2.0445e-10,2.0445e-10,2.0445e-10,2.0445e-10,2.0445e-10,2.0445e-10,2.0445e-10,4.5e-10,4.5e-10,4.5e-10,4.5e-10,4.5e-10,4.5e-10,4.5e-10,4.5e-10,4.5e-10,4.5e-10,4.5e-10,4.5e-10,4.5e-10,4.5e-10
4.5e-10,4.5e-10,4.5e-10,4.5e-10,4.5e-10,4.5e-10,4.5e-10,2.0445e-10,2.0445e-10,2.0445e-10,2.0445e-10,2.0445e-10,2.0445e-10,4.5e-10,4.5e-10,4.5e-10,4.5e-10,4.5e-10,4.5e-10,4.5e-10,4.5e-10,4.5e-10,4.5e-10,4.5e-10,4.5e-10,4.5e-10,4.5e-10,4.5e-10,4.5e-10,4.5e-10,4.5e-10,4.5e-10,4.5e-10,4.5e-10,4.5e-10,2.0445e-10,2.0445e-10,2.0445e-10,2.0445e-10,2.0445e-10,2.0445e-10,2.0445e-10,2.0445e-10,2.0445e-10,2.0445e-10,2.0445e-10,2.0445e-10,2.0445e-10,2.0445e-10,2.0445e-10,4.5e-10,4.5e-10,4.5e-10,4.5e-10,4.5e-10,4.5e-10,4.5e-10,4.5e-10,4.5e-10,4.5e-10,4.5e-10,4.5e-10,4.5e-10,4.5e-10
4.5e-10,4.5e-10,4.5e-10,4.5e-10,4.5e-10,4.5e-10,4.5e-10,2.0445e-10,2.0445e-10,2.0445e-10,2.0445e-10,2.0445e-10,2.0445e-10,4.5e-10,4.5e-10,4.5e-10,4.5e-10,4.5e-10,4.5e-10,4.5e-10,4.5e-10,4.5e-10,4.5e-10,4.5e-10,4.5e-10,4.5e-10,4.5e-10,4.5e-10,4.5e-10,4.5e-10,4.5e-10,4.5e-10,4.5e-10,4.5e-10,4.5e-10,2.0445e-10,2.0445e-10,2.0445e-10,2.0445e-10,2.0445e-10,2.0445e-10,2.0445e-10,2.0445e-10,2.0445e-10,2.0445e-10,2.0445e-10,2.0445e-10,2.0445e-10,2.0445e-10,2.0445e-10,4.5e-10,4.5e-10,4.5e-10,4.5e-10,4.5e-10,4.5e-10,4.5e-10,4.5e-10,4.5e-10,4.5e-10,4.5e-10,4.5e-10,4.5e-10,4.5e-10
4.5e-10,4.5e-10,4.5e-10,4.5e-10,4.5e-10,4.5e-10,4.5e-10,2.0445e-10,2.0445e-10,2.0445e-10,2.0445e-10,2.0445e-10,2.0445e-10,4.5e-10,4.5e-10,4.5e-10,4.5e-10,4.5e-10,4.5e-10,4.5e-10,4.5e-10,4.5e-10,4.5e-10,4.5e-10,4.5e-10,4.5e-10,4.5e-10,4.5e-10,4.5e-10,4.5e-10,4.5e-10,4.5e-10,4.5e-10,4.5e-10,4.5e-10,2.0445e-10,2.0445e-10,2.0445e-10,2.0445e-10,2.0445e-10,2.0445e-10,2.0445e-10,2.0445e-10,2.0445e-10,2.0445e-10,2.0445e-10,2.0445e-10,2.0445e-10,2.0445e-10,2.0445e-10,4.5e-10,4.5e-10,4.5e-10,4.5e-10,4.5e-10,4.5e-10,4.5e-10,4.5e-10,4.5e-10,4.5e-10,4.5e-10,4.5e-10,4.5e-10,4.5e-10
4.5e-10,4.5e-10,4.5e-10,4.5e-10,4.5e-10,4.5e-10,4.5e-10,2.0445e-10,2.0445e-10,2.0445e-10,2.0445e-10,2.0445e-10,2.0445e-10,4.5e-10,4.5e-10,4.5e-10,4.5e-10,4.5e-10,4.5e-10,4.5e-10,4.5e-10,4.5e-10,4.5e-10,4.5e-10,4.5e-10,4.5e-10,4.5e-10,4.5e-10,4.5e-10,4.5e-10,4.5e-10,4.5e-10,4.5e-10,4.5e-10,4.5e-10,4.5e-10,2.0445e-10,2.0445e-10,2.0445e-10,2.0445e-10,2.0445e-10,2.0445e-10,2.0445e-10,2.0445e-10,2.0445e-10,2.0445e-10,2.0445e-10,2.0445e-10,2.0445e-10,4.5e-10,4.5e-10,4.5e-10,4.5e-10,4.5e-10,4.5e-10,4.5e-10,4.5e-10,4.5e-10,4.5e-10,4.5e-10,4.5e-10,4.5e-10,4.5e-10,4.5e-10
4.5e-10,4.5e-10,4.5e-10,4.5e-10,4.5e-10,4.5e-10,4.5e-10,2.0445e-10,2.0445e-10,2.0445e-10,2.0445e-10,2.0445e-10,2.0445e-10,4.5e-10,4.5e-10,4.5e-10,4.5e-10,4.5e-10,4.5e-10,4.5e-10,4.5e-10,4.5e-10,4.5e-10,4.5e-10,4.5e-10,4.5e-10,4.5e-10,4.5e-10,4.5e-10,4.5e-10,4.5e-10,4.5e-10,4.5e-10,4.5e-10,4.5e-10,4.5e-10,2.0445e-10,2.0445e-10,2.0445e-10,2.0445e-10,2.0445e-10,2.0445e-10,2.0445e-10,2.0445e-10,2.0445e-10,2.0445e-10,2.0445e-10,2.0445e-10,2.0445e-10,4.5e-10,4.5e-10,4.5e-10,4.5e-10,4.5e-10,4.5e-10,4.5e-10,4.5e-10,4.5e-10,4.5e-10,4.5e-10,4.5e-10,4.5e-10,4.5e-10,4.5e-10
4.5e-10,4.5e-10,4.5e-10,4.5e-10,4.5e-10,4.5e-10,4.5e-10,2.0445e-10,2.0445e-10,2.0445e-10,2.0445e-10,2.0445e-10,2.0445e-10,4.5e-10,4.5e-10,4.5e-10,4.5e-10,4.5e-10,4.5e-10,4.5e-10,4.5e-10,4.5e-10,4.5e-10,4.5e-10,4.5e-10,4.5e-10,4.5e-10,4.5e-10,4.5e-10,4.5e-10,4.5e-10,4.5e-10,4.5e-10,4.5e-10,4.5e-10,4.5e-10,4.5e-10,2.0445e-10,2.0445e-10,2.0445e-10,2.0445e-10,2.0445e-10,2.0445e-10,2.0445e-10,2.0445e-10,2.0445e-10,2.0445e-10,2.0445e-10,4.5e-10,4.5e-10,4.5e-10,4.5e-10,4.5e-10,4.5e-10,4.5e-10,4.5e-10,4.5e-10,4.5e-10,4.5e-10,4.5e-10,4.5e-10,4.5e-10,4.5e-10,4.5e-10
4.5e-10,4.5e-10,4.5e-10,4.5e-10,4.5e-10,4.5e-10,4.5e-10,2.0445e-10,2.0445e-10,2.0445e-10,2.0445e-10,2.0445e-10,2.0445e-10,4.5e-10,4.5e-10,4.5e-10,4.5e-10,4.5e-10,4.5e-10,4.5e-10,4.5e-10,4.5e-10,4.5e-10,4.5e-10,4.5e-10,4.5e-10,4.5e-10,4.5e-10,4.5e-10,4.5e-10,4.5e-10,4.5e-10,4.5e-10,4.5e-10,4.5e-10,4.5e-10,4.5e-10,4.5e-10,2.0445e-10,2.0445e-10,2.0445e-10,2.0445e-10,2.0445e-10,2.0445e-10,2.0445e-10,2.0445e-10,2.0445e-10,4.5e-10,4.5e-10,4.5e-10,4.5e-10,4.5e-10,4.5e-10,4.5e-10,4.5e-10,4.5e-10,4.5e-10,4.5e-10,4.5e-10,4.5e-10,4.5e-10,4.5e-10,4.5e-10,4.5e-10
4.5e-10,4.5e-10,4.5e-10,4.5e-10,4.5e-10,4.5e-10,4.5e-10,2.0445e-10,2.0445e-10,2.0445e-10,2.0445e-10,2.0445e-10,2.0445e-10,4.5e-10,4.5e-10,4.5e-10,4.5e-10,4.5e-10,4.5e-10,4.5e-10,4.5e-10,4.5e-10,4.5e-10,4.5e-10,4.5e-10,4.5e-10,4.5e-10,4.5e-10,4.5e-10,4.5e-10,4.5e-10,4.5e-10,4.5e-10,4.5e-10,4.5e-10,4.5e-10,4.5e-10,4.5e-10,4.5e-10,4.5e-10,2.0445e-10,2.0445e-10,2.0445e-10,2.0445e-10,2.0445e-10,4.5e-10,4.5e-10,4.5e-10,4.5e-10,4.5e-10,4.5e-10,4.5e-10,4.5e-10,4.5e-10,4.5e-10,4.5e-10,4.5e-10,4.5e-10,4.5e-10,4.5e-10,4.5e-10,4.5e-10,4.5e-10,4.5e-10
4.5e-10,4.5e-10,4.5e-10,4.5e-10,4.5e-10,4.5e-10,4.5e-10,2.0445e-10,2.0445e-10,2.0445e-10,2.0445e-10,2.0445e-10,2.0445e-10,4.5e-10,4.5e-10,4.5e-10,4.5e-10,4.5e-10,4.5e-10,4.5e-10,4.5e-10,4.5e-10,4.5e-10,4.5e-10,4.5e-10,4.5e-10,4.5e-10,4.5e-10,4.5e-10,4.5e-10,4.5e-10,4.5e-10,4.5e-10,4.5e-10,4.5e-10,4.5e-10,4.5e-10,4.5e-10,4.5e-10,4.5e-10,4.5e-10,4.5e-10,4.5e-10,4.5e-10,4.5e-10,4.5e-10,4.5e-10,4.5e-10,4.5e-10,4.5e-10,4.5e-10,4.5e-10,4.5e-10,4.5e-10,4.5e-10,4.5e-10,4.5e-10,4.5e-10,4.5e-10,4.5e-10,4.5e-10,4.5e-10,4.5e-10,4.5e-10
4.5e-10,4.5e-10,4.5e-10,4.5e-10,4.5e-10,4.5e-10,4.5e-10,2.0445e-10,2.0445e-10,2.0445e-10,2.0445e-10,2.0445e-10,2.0445e-10,4.5e-10,4.5e-10,4.5e-10,4.5e-10,4.5e-10,4.5e-10,4.5e-10,4.5e-10,4.5e-10,4.5e-10,4.5e-10,4.5e-10,4.5e-10,4.5e-10,4.5e-10,4.5e-10,4.5e-10,4.5e-10,4.5e-10,4.5e-10,4.5e-10,4.5e-10,4.5e-10,4.5e-10,4.5e-10,4.5e-10,4.5e-10,4.5e-10,4.5e-10,4.5e-10,4.5e-10,4.5e-10,4.5e-10,4.5e-10,4.5e-10,4.5e-10,4.5e-10,4.5e-10,4.5e-10,4.5e-10,4.5e-10,4.5e-10,4.5e-10,4.5e-10,4.5e-10,4.5e-10,4.5e-10,4.5e-10,4.5e-10,4.5e-10,4.5e-10
4.5e-10,4.5e-10,4.5e-10,4.5e-10,4.5e-10,4.5e-10,4.5e-10,2.0445e-10,2.0445e-10,2.0445e-10,2.0445e-10,2.0445e-10,2.0445e-10,4.5e-10,4.5e-10,4.5e-10,4.5e-10,4.5e-10,4.5e-10,4.5e-10,4.5e-10,4.5e-10,4.5e-10,4.5e-10,4.5e-10,4.5e-10,4.5e-10,4.5e-10,4.5e-10,4.5e-10,4.5e-10,4.5e-10,4.5e-10,4.5e-10,4.5e-10,4.5e-10,4.5e-10,4.5e-10,4.5e-10,4.5e-10,4.5e-10,4.5e-10,4.5e-10,4.5e-10,4.5e-10,4.5e-10,4.5e-10,4.5e-10,4.5e-10,4.5e-10,4.5e-10,4.5e-10,4.5e-10,4.5e-10,4.5e-10,4.5e-10,4.5e-10,4.5e-10,4.5e-10,4.5e-10,4.5e-10,4.5e-10,4.5e-10,4.5e-10
4.5e-10,4.5e-10,4.5e-10,4.5e-10,4.5e-10,4.5e-10,4.5e-10,2.0445e-10,2.0445e-10,2.0445e-10,2.0445e-10,2.0445e-10,2.0445e-10,4.5e-10,4.5e-10,4.5e-10,4.5e-10,4.5e-10,4.5e-10,4.5e-10,4.5e-10,4.5e-10,4.5e-10,4.5e-10,4.5e-10,4.5e-10,4.5e-10,4.5e-10,4.5e-10,4.5e-10,4.5e-10,4.5e-10,4.5e-10,4.5e-10,4.5e-10,4.5e-10,4.5e-10,4.5e-10,4.5e-10,4.5e-10,4.5e-10,4.5e-10,4.5e-10,4.5e-10,4.5e-10,4.5e-10,4.5e-10,4.5e-10,4.5e-10,4.5e-10,4.5e-10,4.5e-10,4.5e-10,4.5e-10,4.5e-10,4.5e-10,4.5e-10,4.5e-10,4.5e-10,4.5e-10,4.5e-10,4.5e-10,4.5e-10,4.5e-10
4.5e-10,4.5e-10,4.5e-10,4.5e-10,4.5e-10,4.5e-10,4.5e-10,2.0445e-10,2.0445e-10,2.0445e-10,2.0445e-10,2.0445e-10,2.0445e-10,4.5e-10,4.5e-10,4.5e-10,4.5e-10,4.5e-10,4.5e-10,4.5e-10,4.5e-10,4.5e-10,4.5e-10,4.5e-10,4.5e-10,4.5e-10,4.5e-10,4.5e-10,4.5e-10,4.5e-10,4.5e-10,4.5e-10,4.5e-10,4.5e-10,4.5e-10,4.5e-10,4.5e-10,4.5e-10,4.5e-10,4.5e-10,4.5e-10,4.5e-10,4.5e-10,4.5e-10,4.5e-10,4.5e-10,4.5e-10,4.5e-10,4.5e-10,4.5e-10,4.5e-10,4.5e-10,4.5e-10,4.5e-10,4.5e-10,4.5e-10,4.5e-10,4.5e-10,4.5e-10,4.5e-10,4.5e-10,4.5e-10,4.5e-10,4.5e-10
4.5e-10,4.5e-10,4.5e-10,4.5e-10,4.5e-10,4.5e-10,4.5e-10,2.0445e-10,2.0445e-10,2.0445e-10,2.0445e-10,2.0445e-10,2.0445e-10,4.5e-10,4.5e-10,4.5e-10,4.5e-10,4.5e-10,4.5e-10,4.5e-10,4.5e-10,4.5e-10,4.5e-10,4.5e-10,4.5e-10,4.5e-10,4.5e-10,4.5e-10,4.5e-10,4.5e-10,4.5e-10,4.5e-10,4.5e-10,4.5e-10,4.5e-10,4.5e-10,4.5e-10,4.5e-10,4.5e-10,4.5e-10,4.5e-10,4.5e-10,4.5e-10,4.5e-10,4.5e-10,4.5e-10,4.5e-10,4.5e-10,4.5e-10,4.5e-10,4.5e-10,4.5e-10,4.5e-10,4.5e-10,4.5e-10,4.5e-10,4.5e-10,4.5e-10,4.5e-10,4.5e-10,4.5e-10,4.5e-10,4.5e-10,4.5e-10
4.5e-10,4.5e-10,4.5e-10,4.5e-10,4.5e-10,4.5e-10,4.5e-10,2.0445e-10,2.0445e-10,2.0445e-10,2.0445e-10,2.0445e-10,2.0445e-10,4.5e-10,4.5e-10,4.5e-10,4.5e-10,4.5e-10,4.5e-10,4.5e-10,4.5e-10,4.5e-10,4.5e-10,4.5e-10,4.5e-10,4.5e-10,4.5e-10,4.5e-10,4.5e-10,4.5e-10,4.5e-10,4.5e-10,4.5e-10,4.5e-10,4.5e-10,4.5e-10,4.5e-10,4.5e-10,4.5e-10,4.5e-10,4.5e-10,4.5e-10,4.5e-10,4.5e-10,4.5e-10,4.5e-10,4.5e-10,4.5e-10,4.5e-10,4.5e-10,4.5e-10,4.5e-10,4.5e-10,4.5e-10,4.5e-10,4.5e-10,4.5e-10,4.5e-10,4.5e-10,4.5e-10,4.5e-10,4.5e-10,4.5e-10,4.5e-10
4.5e-10,4.5e-10,4.5e-10,4.5e-10,4.5e-10,4.5e-10,4.5e-10,2.0445e-10,2.0445e-10,2.0445e-10,2.0445e-10,2.0445e-10,2.0445e-10,4.5e-10,4.5e-10,4.5e-10,4.5e-10,4.5e-10,4.5e-10,4.5e-10,4.5e-10,4.5e-10,4.5e-10,4.5e-10,4.5e-10,4.5e-10,4.5e-10,4.5e-10,4.5e-10,4.5e-10,4.5e-10,4.5e-10,4.5e-10,4.5e-10,4.5e-10,4.5e-10,4.5e-10,4.5e-10,4.5e-10,4.5e-10,4.5e-10,4.5e-10,4.5e-10,4.5e-10,4.5e-10,4.5e-10,4.5e-10,4.5e-10,4.5e-10,4.5e-10,4.5e-10,4.5e-10,4.5e-10,4.5e-10,4.5e-10,4.5e-10,4.5e-10,4.5e-10,4.5e-10,4.5e-10,4.5e-10,4.5e-10,4.5e-10,4.5e-10
4.5e-10,4.5e-10,4.5e-10,4.5e-10,4.5e-10,4.5e-10,4.5e-10,2.0445e-10,2.0445e-10,2.0445e-10,2.0445e-10,2.0445e-10,2.0445e-10,4.5e-10,4.5e-10,4.5e-10,4.5e-10,4.5e-10,4.5e-10,4.5e-10,4.5e-10,4.5e-10,4.5e-10,4.5e-10,4.5e-10,4.5e-10,4.5e-10,4.5e-10,4.5e-10,4.5e-10,4.5e-10,4.5e-10,4.5e-10,4.5e-10,4.5e-10,4.5e-10,4.5e-10,4.5e-10,4.5e-10,4.5e-10,4.5e-10,4.5e-10,4.5e-10,4.5e-10,4.5e-10,4.5e-10,4.5e-10,4.5e-10,4.5e-10,4.5e-10,4.5e-10,4.5e-10,4.5e-10,4.5e-10,4.5e-10,4.5e-10,4.5e-10,4.5e-10,4.5e-10,4.5e-10,4.5e-10,4.5e-10,4.5e-10,4.5e-10
4.5e-10,4.5e-10,4.5e-10,4.5e-10,4.5e-10,4.5e-10,4.5e-10,2.0445e-10,2.0445e-10,2.0445e-10,2.0445e-10,2.0445e-10,2.0445e-10,4.5e-10,4.5e-10,4.5e-10,4.5e-10,4.5e-10,4.5e-10,4.5e-10,4.5e-10,4.5e-10,4.5e-10,4.5e-10,4.5e-10,4.5e-10,4.5e-10,4.5e-10,4.5e-10,4.5e-10,4.5e-10,4.5e-10,4.5e-10,4.5e-10,4.5e-10,4.5e-10,4.5e-10,4.5e-10,4.5e-10,4.5e-10,4.5e-10,4.5e-10,4.5e-10,4.5e-10,4.5e-10,4.5e-10,4.5e-10,4.5e-10,4.5e-10,4.5e-10,4.5e-10,4.5e-10,4.5e-10,4.5e-10,4.5e-10,4.5e-10,4.5e-10,4.5e-10,4.5e-10,4.5e-10,4.5e-10,4.5e-10,4.5e-10,4.5e-10
4.5e-10,4.5e-10,4.5e-10,4.5e-10,4.5e-10,4.5e-10,4.5e-10,2.0445e-10,2.0445e-10,2.0445e-10,2.0445e-10,2.0445e-10,2.0445e-10,4.5e-10,4.5e-10,4.5e-10,4.5e-10,4.5e-10,4.5e-10,4.5e-10,4.5e-10,4.5e-10,4.5e-10,4.5e-10,4.5e-10,4.5e-10,4.5e-10,4.5e-10,4.5e-10,4.5e-10,4.5e-10,4.5e-10,4.5e-10,4.5e-10,4.5e-10,4.5e-10,4.5e-10,4.5e-10,4.5e-10,4.5e-10,4.5e-10,4.5e-10,4.5e-10,4.5e-10,4.5e-10,4.5e-10,4.5e-10,4.5e-10,4.5e-10,4.5e-10,4.5e-10,4.5e-10,4.5e-10,4.5e-10,4.5e-10,4.5e-10,4.5e-10,4.5e-10,4.5e-10,4.5e-10,4.5e-10,4.5e-10,4.5e-10,4.5e-10
4.5e-10,4.5e-10,4.5e-10,4.5e-10,4.5e-10,4.5e-10,4.5e-10,2.0445e-10,2.0445e-10,2.0445e-10,2.0445e-10,2.0445e-10,2.0445e-10,4.5e-10,4.5e-10,4.5e-10,4.5e-10,4.5e-10,4.5e-10,4.5e-10,4.5e-10,4.5e-10,4.5e-10,4.5e-10,4.5e-10,4.5e-10,4.5e-10,4.5e-10,4.5e-10,4.5e-10,4.5e-10,4.5e-10,4.5e-10,4.5e-10,4.5e-10,4.5e-10,4.5e-10,4.5e-10,4.5e-10,4.5e-10,4.5e-10,4.5e-10,4.5e-10,4.5e-10,4.5e-10,4.5e-10,4.5e-10,4.5e-10,4.5e-10,4.5e-10,4.5e-10,4.5e-10,4.5e-10,4.5e-10,4.5e-10,4.5e-10,4.5e-10,4.5e-10,4.5e-10,4.5e-10,4.5e-10,4.5e-10,4.5e-10,4.5e-10
4.5e-10,4.5e-10,4.5e-10,4.5e-10,4.5e-10,4.5e-10,4.5e-10,2.0445e-10,2.0445e-10,2.0445e-10,2.0445e-10,2.0445e-10,2.0445e-10,4.5e-10,4.5e-10,4.5e-10,4.5e-10,4.5e-10,4.5e-10,4.5e-10,4.5e-10,4.5e-10,4.5e-10,4.5e-10,4.5e-10,4.5e-10,4.5e-10,4.5e-10,4.5e-10,4.5e-10,4.5e-10,4.5e-10,4.5e-10,4.5e-10,4.5e-10,4.5e-10,4.5e-10,4.5e-10,4.5e-10,4.5e-10,4.5e-10,4.5e-10,4.5e-10,4.5e-10,4.5e-10,4.5e-10,4.5e-10,4.5e-10,4.5e-10,4.5e-10,4.5e-10,4.5e-10,4.5e-10,4.5e-10,4.5e-10,4.5e-10,4.5e-10,4.5e-10,4.5e-10,4.5e-10,4.5e-10,4.5e-10,4.5e-10,4.5e-10
4.5e-10,4.5e-10,4.5e-10,4.5e-10,4.5e-10,4.5e-10,4.5e-10,2.0445e-10,2.0445e-10,2.0445e-10,2.0445e-10,2.0445e-10,2.0445e-10,4.5e-10,4.5e-10,4.5e-10,4.5e-10,4.5e-10,4.5e-10,4.5e-10,4.5e-10,4.5e-10,4.5e-10,4.5e-10,4.5e-10,4.5e-10,4.5e-10,4.5e-10,4.5e-10,4.5e-10,4.5e-10,4.5e-10,4.5e-10,4.5e-10,4.5e-10,4.5e-10,4.5e-10,4.5e-10,4.5e-10,4.5e-10,4.5e-10,4.5e-10,4.5e-10,4.5e-10,4.5e-10,4.5e-10,4.5e-10,4.5e-10,4.5e-10,4.5e-10,4.5e-10,4.5e-10,4.5e-10,4.5e-10,4.5e-10,4.5e-10,4.5e-10,4.5e-10,4.5e-10,4.5e-10,4.5e-10,4.5e-10,4.5e-10,4.5e-10
4.5e-10,4.5e-10,4.5e-10,4.5e-10,4.5e-10,4.5e-10,4.5e-10,2.0445e-10,2.0445e-10,2.0445e-10,2.0445e-10,2.0445e-10,2.0445e-10,4.5e-10,4.5e-10,4.5e-10,4.5e-10,4.5e-10,4.5e-10,4.5e-10,4.5e-10,4.5e-10,4.5e-10,4.5e-10,4.5e-10,4.5e-10,4.5e-10,4.5e-10,4.5e-10,4.5e-10,4.5e-10,4.5e-10,4.5e-10,4.5e-10,4.5e-10,4.5e-10,4.5e-10,4.5e-10,4.5e-10,4.5e-10,4.5e-10,4.5e-10,4.5e-10,4.5e-10,4.5e-10,4.5e-10,4.5e-10,4.5e-10,4.5e-10,4.5e-10,4.5e-10,4.5e-10,4.5e-10,4.5e-10,4.5e-10,4.5e-10,4.5e-10,4.5e-10,4.5e-10,4.5e-10,4.5e-10,4.5e-10,4.5e-10,4.5e-10
4.5e-10,4.5e-10,4.5e-10,4.5e-10,4.5e-10,4.5e-10,4.5e-10,2.0445e-10,2.0445e-10,2.0445e-10,2.0445e-10,2.0445e-10,2.0445e-10,4.5e-10,4.5e-10,4.5e-10,4.5e-10,4.5e-10,4.5e-10,4.5e-10,4.5e-10,4.5e-10,4.5e-10,4.5e-10,4.5e-10,4.5e-10,4.5e-10,4.5e-10,4.5e-10,4.5e-10,4.5e-10,4.5e-10,4.5e-10,4.5e-10,4.5e-10,4.5e-10,4.5e-10,4.5e-10,4.5e-10,4.5e-10,4.5e-10,4.5e-10,4.5e-10,4.5e-10,4.5e-10,4.5e-10,4.5e-10,4.5e-10,4.5e-10,4.5e-10,4.5e-10,4.5e-10,4.5e-10,4.5e-10,4.5e-10,4.5e-10,4.5e-10,4.5e-10,4.5e-10,4.5e-10,4.5e-10,4.5e-10,4.5e-10,4.5e-10
4.5e-10,4.5e-10,4.5e-10,4.5e-10,4.5e-10,4.5e-10,4.5e-10,2.0445e-10,2.0445e-10,2.0445e-10,2.0445e-10,2.0445e-10,2.0445e-10,4.5e-10,4.5e-10,4.5e-10,4.5e-10,4.5e-10,4.5e-10,4.5e-10,4.5e-10,4.5e-10,4.5e-10,4.5e-10,4.5e-10,4.5e-10,4.5e-10,4.5e-10,4.5e-10,4.5e-10,4.5e-10,4.5e-10,4.5e-10,4.5e-10,4.5e-10,4.5e-10,4.5e-10,4.5e-10,4.5e-10,4.5e-10,4.5e-10,4.5e-10,4.5e-10,4.5e-10,4.5e-10,4.5e-10,4.5e-10,4.5e-10,4.5e-10,4.5e-10,4.5e-10,4.5e-10,4.5e-10,4.5e-10,4.5e-10,4.5e-10,4.5e-10,4.5e-10,4.5e-10,4.5e-10,4.5e-10,4.5e-10,4.5e-10,4.5e-10
4.5e-10,4.5e-10,4.5e-10,4.5e-10,4.5e-10,4.5e-10,4.5e-10,2.0445e-10,2.0445e-10,2.0445e-10,2.0445e-10,2.0445e-10,2.0445e-10,4.5e-10,4.5e-10,4.5e-10,4.5e-10,4.5e-10,4.5e-10,4.5e-10,4.5e-10,4.5e-10,4.5e-10,4.5e-10,4.5e-10,4.5e-10,4.5e-10,4.5e-10,4.5e-10,4.5e-10,4.5e-10,4.5e-10,4.5e-10,4.5e-10,4.5e-10,4.5e-10,4.5e-10,4.5e-10,4.5e-10,4.5e-10,4.5e-10,4.5e-10,4.5e-10,4.5e-10,4.5e-10,4.5e-10,4.5e-10,4.5e-10,4.5e-10,4.5e-10,4.5e-10,4.5e-10,4.5e-10,4.5e-10,4.5e-10,4.5e-10,4.5e-10,4.5e-10,4.5e-10,4.5e-10,4.5e-10,4.5e-10,4.5e-10,4.5e-10
4.5e-10,4.5e-10,4.5e-10,4.5e-10,4.5e-10,4.5e-10,4.5e-10,2.0445e-10,2.0445e-10,2.0445e-10,2.0445e-10,2.0445e-10,2.0445e-10,4.5e-10,4.5e-10,4.5e-10,4.5e-10,4.5e-10,4.5e-10,4.5e-10,4.5e-10,4.5e-10,4.5e-10,4.5e-10,4.5e-10,4.5e-10,4.5e-10,4.5e-10,4.5e-10,4.5e-10,4.5e-10,4.5e-10,4.5e-10,4.5e-10,4.5e-10,4.5e-10,4.5e-10,4.5e-10,4.5e-10,4.5e-10,4.5e-10,4.5e-10,4.5e-10,4.5e-10,4.5e-10,4.5e-10,4.5e-10,4.5e-10,4.5e-10,4.5e-10,4.5e-10,4.5e-10,4.5e-10,4.5e-10,4.5e-10,4.5e-10,4.5e-10,4.5e-10,4.5e-10,4.5e-10,4.5e-10,4.5e-10,4.5e-10,4.5e-10
4.5e-10,4.5e-10,4.5e-10,4.5e-10,4.5e-10,4.5e-10,4.5e-10,2.0445e-10,2.0445e-10,2.0445e-10,2.0445e-10,2.0445e-10,2.0445e-10,4.5e-10,4.5e-10,4.5e-10,4.5e-10,4.5e-10,4.5e-10,4.5e-10,4.5e-10,4.5e-10,4.5e-10,4.5e-10,4.5e-10,4.5e-10,4.5e-10,4.5e-10,4.5e-10,4.5e-10,4.5e-10,4.5e-10,4.5e-10,4.5e-10,4.5e-10,4.5e-10,4.5e-10,4.5e-10,4.5e-10,4.5e-10,4.5e-10,4.5e-10,4.5e-10,4.5e-10,4.5e-10,4.5e-10,4.5e-10,4.5e-10,4.5e-10,4.5e-10,4.5e-10,4.5e-10,4.5e-10,4.5e-10,4.5e-10,4.5e-10,4.5e-10,4.5e-10,4.5e-10,4.5e-10,4.5e-10,4.5e-10,4.5e-10,4.5e-10
4.5e-10,4.5e-10,4.5e-10,4.5e-10,4.5e-10,4.5e-10,4.5e-10,2.0445e-10,2.0445e-10,2.0445e-10,2.0445e-10,2.0445e-10,2.0445e-10,4.5e-10,4.5e-10,4.5e-10,4.5e-10,4.5e-10,4.5e-10,4.5e-10,4.5e-10,4.5e-10,4.5e-10,4.5e-10,4.5e-10,4.5e-10,4.5e-10,4.5e-10,4.5e-10,4.5e-10,4.5e-10,4.5e-10,4.5e-10,4.5e-10,4.5e-10,4.5e-10,4.5e-10,4.5e-10,4.5e-10,4.5e-10,4.5e-10,4.5e-10,4.5e-10,4.5e-10,4.5e-10,4.5e-10,4.5e-10,4.5e-10,4.5e-10,4.5e-10,4.5e-10,4.5e-10,4.5e-10,4.5e-10,4.5e-10,4.5e-10,4.5e-10,4.5e-10,4.5e-10,4.5e-10,4.5e-10,4.5e-10,4.5e-10,4.5e-10
4.5e-10,4.5e-10,4.5e-10,4.5e-10,4.5e-10,4.5e-10,4.5e-10,2.0445e-10,2.0445e-10,2.0445e-10,2.0445e-10,2.0445e-10,2.0445e-10,4.5e-10,4.5e-10,4.5e-10,4.5e-10,4.5e-10,4.5e-10,4.5e-10,4.5e-10,4.5e-10,4.5e-10,4.5e-10,4.5e-10,4.5e-10,4.5e-10,4.5e-10,4.5e-10,4.5e-10,4.5e-10,4.5e-10,4.5e-10,4.5e-10,4.5e-10,4.5e-10,4.5e-10,4.5e-10,4.5e-10,4.5e-10,4.5e-10,4.5e-10,4.5e-10,4.5e-10,4.5e-10,4.5e-10,4.5e-10,4.5e-10,4.5e-10,4.5e-10,4.5e-10,4.5e-10,4.5e-10,4.5e-10,4.5e-10,4.5e-10,4.5e-10,4.5e-10,4.5e-10,4.5e-10,4.5e-10,4.5e-10,4.5e-10,4.5e-10
4.5e-10,4.5e-10,4.5e-10,4.5e-10,4.5e-10,4.5e-10,4.5e-10,2.0445e-10,2.0445e-10,2.0445e-10,2.0445e-10,2.0445e-10,2.0445e-10,4.5e-10,4.5e-10,4.5e-10,4.5e-10,4.5e-10,4.5e-10,4.5e-10,4.5e-10,4.5e-10,4.5e-10,4.5e-10,4.5e-10,4.5e-10,4.5e-10,4.5e-10,4.5e-10,4.5e-10,4.5e-10,4.5e-10,4.5e-10,4.5e-10,4.5e-10,4.5e-10,4.5e-10,4.5e-10,4.5e-10,4.5e-10,4.5e-10,4.5e-10,4.5e-10,4.5e-10,4.5e-10,4.5e-10,4.5e-10,4.5e-10,4.5e-10,4.5e-10,4.5e-10,4.5e-10,4.5e-10,4.5e-10,4.5e-10,4.5e-10,4.5e-10,4.5e-10,4.5e-10,4.5e-10,4.5e-10,4.5e-10,4.5e-10,4.5e-10
4.5e-10,4.5e-10,4.5e-10,4.5e-10,4.5e-10,4.5e-10,4.5e-10,2.0445e-10,2.0445e-10,2.0445e-10,2.0445e-10,2.0445e-10,2.0445e-10,4.5e-10,4.5e-10,4.5e-10,4.5e-10,4.5e-10,4.5e-10,4.5e-10,4.5e-10,4.5e-10,4.5e-10,4.5e-10,4.5e-10,4.5e-10,4.5e-10,4.5e-10,4.5e-10,4.5e-10,4.5e-10,4.5e-10,4.5e-10,4.5e-10,4.5e-10,4.5e-10,4.5e-10,4.5e-10,4.5e-10,4.5e-10,4.5e-10,4.5e-10,4.5e-10,4.5e-10,4.5e-10,4.5e-10,4.5e-10,4.5e-10,4.5e-10,4.5e-10,4.5e-10,4.5e-10,4.5e-10,4.5e-10,4.5e-10,4.5e-10,4.5e-10,4.5e-10,4.5e-10,4.5e-10,4.5e-10,4.5e-10,4.5e-10,4.5e-10
4.5e-10,4.5e-10,4.5e-10,4.5e-10,4.5e-10,4.5e-10,4.5e-10,2.0445e-10,2.0445e-10,2.0445e-10,2.0445e-10,2.0445e-10,2.0445e-10,4.5e-10,4.5e-10,4.5e-10,4.5e-10,4.5e-10,4.5e-10,4.5e-10,4.5e-10,4.5e-10,4.5e-10,4.5e-10,4.5e-10,4.5e-10,4.5e-10,4.5e-10,4.5e-10,4.5e-10,4.5e-10,4.5e-10,4.5e-10,4.5e-10,4.5e-10,4.5e-10,4.5e-10,4.5e-10,4.5e-10,4.5e-10,4.5e-10,4.5e-10,4.5e-10,4.5e-10,4.5e-10,4.5e-10,4.5e-10,4.5e-10,4.5e-10,4.5e-10,4.5e-10,4.5e-10,4.5e-10,4.5e-10,4.5e-10,4.5e-10,4.5e-10,4.5e-10,4.5e-10,4.5e-10,4.5e-10,4.5e-10,4.5e-10,4.5e-10
4.5e-10,4.5e-10,4.5e-10,4.5e-10,4.5e-10,4.5e-10,4.5e-10,4.5e-10,4.5e-10,4.5e-10,4.5e-10,4.5e-10,4.5e-10,4.5e-10,4.5e-10,4.5e-10,4.5e-10,4.5e-10,4.5e-10,4.5e-10,4.5e-10,4.5e-10,4.5e-10,4.5e-10,4.5e-10,4.5e-10,4.5e-10,4.5e-10,4.5e-10,4.5e-10,4.5e-10,4.5e-10,4.5e-10,4.5e-10,4.5e-10,4.5e-10,4.5e-10,4.5e-10,4.5e-10,4.5e-10,4.5e-10,4.5e-10,4.5e-10,4.5e-10,4.5e-10,4.5e-10,4.5e-10,4.5e-10,4.5e-10,4.5e-10,4.5e-10,4.5e-10,4.5e-10,4.5e-10,4.5e-10,4.5e-10,4.5e-10,4.5e-10,4.5e-10,4.5e-10,4.5e-10,4.5e-10,4.5e-10,4.5e-10
4.5e-10,4.5e-10,4.5e-10,4.5e-10,4.5e-10,4.5e-10,4.5e-10,4.5e-10,4.5e-10,4.5e-10,4.5e-10,4.5e-10,4.5e-10,4.5e-10,4.5e-10,4.5e-10,4.5e-10,4.5e-10,4.5e-10,4.5e-10,4.5e-10,4.5e-10,4.5e-10,4.5e-10,4.5e-10,4.5e-10,4.5e-10,4.5e-10,4.5e-10,4.5e-10,4.5e-10,4.5e-10,4.5e-10,4.5e-10,4.5e-10,4.5e-10,4.5e-10,4.5e-10,4.5e-10,4.5e-10,4.5e-10,4.5e-10,4.5e-10,4.5e-10,4.5e-10,4.5e-10,4.5e-10,4.5e-10,4.5e-10,4.5e-10,4.5e-10,4.5e-10,4.5e-10,4.5e-10,4.5e-10,4.5e-10,4.5e-10,4.5e-10,4.5e-10,4.5e-10,4.5e-10,4.5e-10,4.5e-10,4.5e-10
4.5e-10,4.5e-10,4.5e-10,4.5e-10,4.5e-10,4.5e-10,4.5e-10,4.5e-10,4.5e-10,4.5e-10,4.5e-10,4.5e-10,4.5e-10,4.5e-10,4.5e-10,4.5e-10,4.5e-10,4.5e-10,4.5e-10,4.5e-10,4.5e-10,4.5e-10,4.5e-10,4.5e-10,4.5e-10,4.5e-10,4.5e-10,4.5e-10,4.5e-10,4.5e-10,4.5e-10,4.5e-10,4.5e-10,4.5e-10,4.5e-10,4.5e-10,4.5e-10,4.5e-10,4.5e-10,4.5e-10,4.5e-10,4.5e-10,4.5e-10,4.5e-10,4.5e-10,4.5e-10,4.5e-10,4.5e-10,4.5e-10,4.5e-10,4.5e-10,4.5e-10,4.5e-10,4.5e-10,4.5e-10,4.5e-10,4.5e-10,4.5e-10,4.5e-10,4.5e-10,4.5e-10,4.5e-10,4.5e-10,4.5e-10
4.5e-10,4.5e-10,4.5e-10,4.5e-10,4.5e-10,4.5e-10,4.5e-10,4.5e-10,4.5e-10,4.5e-10,4.5e-10,4.5e-10,4.5e-10,4.5e-10,4.5e-10,4.5e-10,4.5e-10,4.5e-10,4.5e-10,4.5e-10,4.5e-10,4.5e-10,4.5e-10,4.5e-10,4.5e-10,4.5e-10,4.5e-10,4.5e-10,4.5e-10,4.5e-10,4.5e-10,4.5e-10,4.5e-10,4.5e-10,4.5e-10,4.5e-10,4.5e-10,4.5e-10,4.5e-10,4.5e-10,4.5e-10,4.5e-10,4.5e-10,4.5e-10,4.5e-10,4.5e-10,4.5e-10,4.5e-10,4.5e-10,4.5e-10,4.5e-10,4.5e-10,4.5e-10,4.5e-10,4.5e-10,4.5e-10,4.5e-10,4.5e-10,4.5e-10,4.5e-10,4.5e-10,4.5e-10,4.5e-10,4.5e-10
4.5e-10,4.5e-10,4.5e-10,4.5e-10,4.5e-10,4.5e-10,4.5e-10,4.5e-10,4.5e-10,4.5e-10,4.5e-10,4.5e-10,4.5e-10,4.5e-10,4.5e-10,4.5e-10,4.5e-10,4.5e-10,4.5e-10,4.5e-10,4.5e-10,4.5e-10,4.5e-10,4.5e-10,4.5e-10,4.5e-10,4.5e-10,4.5e-10,4.5e-10,4.5e-10,4.5e-10,4.5e-10,4.5e-10,4.5e-10,4.5e-10,4.5e-10,4.5e-10,4.5e-10,4.5e-10,4.5e-10,4.5e-10,4.5e-10,4.5e-10,4.5e-10,4.5e-10,4.5e-10,4.5e-10,4.5e-10,4.5e-10,4.5e-10,4.5e-10,4.5e-10,4.5e-10,4.5e-10,4.5e-10,4.5e-10,4.5e-10,4.5e-10,4.5e-10,4.5e-10,4.5e-10,4.5e-10,4.5e-10,4.5e-10
4.5e-10,4.5e-10,4.5e-10,4.5e-10,4.5e-10,4.5e-10,4.5e-10,4.5e-10,4.5e-10,4.5e-10,4.5e-10,4.5e-10,4.5e-10,4.5e-10,4.5e-10,4.5e-10,4.5e-10,4.5e-10,4.5e-10,4.5e-10,4.5e-10,4.5e-10,4.5e-10,4.5e-10,4.5e-10,4.5e-10,4.5e-10,4.5e-10,4.5e-10,4.5e-10,4.5e-10,4.5e-10,4.5e-10,4.5e-10,4.5e-10,4.5e-10,4.5e-10,4.5e-10,4.5e-10,4.5e-10,4.5e-10,4.5e-10,4.5e-10,4.5e-10,4.5e-10,4.5e-10,4.5e-10,4.5e-10,4.5e-10,4.5e-10,4.5e-10,4.5e-10,4.5e-10,4.5e-10,4.5e-10,4.5e-10,4.5e-10,4.5e-10,4.5e-10,4.5e-10,4.5e-10,4.5e-10,4.5e-10,4.5e-10
4.5e-10,4.5e-10,4.5e-10,4.5e-10,4.5e-10,4.5e-10,4.5e-10,4.5e-10,4.5e-10,4.5e-10,4.5e-10,4.5e-10,4.5e-10,4.5e-10,4.5e-10,4.5e-10,4.5e-10,4.5e-10,4.5e-10,4.5e-10,4.5e-10,4.5e-10,4.5e-10,4.5e-10,4.5e-10,4.5e-10,4.5e-10,4.5e-10,4.5e-10,4.5e-10,4.5e-10,4.5e-10,4.5e-10,4.5e-10,4.5e-10,4.5e-10,4.5e-10,4.5e-10,4.5e-10,4.5e-10,4.5e-10,4.5e-10,4.5e-10,4.5e-10,4.5e-10,4.5e-10,4.5e-10,4.5e-10,4.5e-10,4.5e-10,4.5e-10,4.5e-10,4.5e-10,4.5e-10,4.5e-10,4.5e-10,4.5e-10,4.5e-10,4.5e-10,4.5e-10,4.5e-10,4.5e-10,4.5e-10,4.5e-10
4.5e-10,4.5e-10,4.5e-10,4.5e-10,4.5e-10,4.5e-10,4.5e-10,4.5e-10,4.5e-10,4.5e-10,4.5e-10,4.5e-10,4.5e-10,4.5e-10,4.5e-10,4.5e-10,4.5e-10,4.5e-10,4.5e-10,4.5e-10,4.5e-10,4.5e-10,4.5e-10,4.5e-10,4.5e-10,4.5e-10,4.5e-10,4.5e-10,4.5e-10,4.5e-10,4.5e-10,4.5e-10,4.5e-10,4.5e-10,4.5e-10,4.5e-10,4.5e-10,4.5e-10,4.5e-10,4.5e-10,4.5e-10,4.5e-10,4.5e-10,4.5e-10,4.5e-10,4.5e-10,4.5e-10,4.5e-10,4.5e-10,4.5e-10,4.5e-10,4.5e-10,4.5e-10,4.5e-10,4.5e-10,4.5e-10,4.5e-10,4.5e-10,4.5e-10,4.5e-10,4.5e-10,4.5e-10,4.5e-10,4.5e-10
4.5e-10,4.5e-10,4.5e-10,4.5e-10,4.5e-10,4.5e-10,4.5e-10,4.5e-10,4.5e-10,4.5e-10,4.5e-10,4.5e-10,4.5e-10,4.5e-10,4.5e-10,4.5e-10,4.5e-10,4.5e-10,4.5e-10,4.5e-10,4.5e-10,4.5e-10,4.5e-10,4.5e-10,4.5e-10,4.5e-10,4.5e-10,4.5e-10,4.5e-10,4.5e-10,4.5e-10,4.5e-10,4.5e-10,4.5e-10,4.5e-10,4.5e-10,4.5e-10,4.5e-10,4.5e-10,4.5e-10,4.5e-10,4.5e-10,4.5e-10,4.5e-10,4.5e-10,4.5e-10,4.5e-10,4.5e-10,4.5e-10,4.5e-10,4.5e-10,4.5e-10,4.5e-10,4.5e-10,4.5e-10,4.5e-10,4.5e-10,4.5e-10,4.5e-10,4.5e-10,4.5e-10,4.5e-10,4.5e-10,4.5e-10
1e-08,1e-08,1e-08,1e-08,1e-08,1e-08,1e-08,1e-08,1e-08,1e-08,1e-08,1e-08,1e-08,1e-08,1e-08,1e-08,1e-08,1e-08,1e-08,1e-08,1e-08,1e-08,1e-08,1e-08,1e-08,1e-08,1e-08,1e-08,1e-08,1e-08,1e-08,4.5e-10,4.5e-10,4.5e-10,4.5e-10,4.5e-10,4.5e-10,4.5e-10,4.5e-10,4.5e-10,4.5e-10,4.5e-10,4.5e-10,4.5e-10,4.5e-10,4.5e-10,4.5e-10,4.5e-10,4.5e-10,4.5e-10,4.5e-10,4.5e-10,4.5e-10,4.5e-10,4.5e-10,4.5e-10,4.5e-10,4.5e-10,4.5e-10,4.5e-10,4.5e-10,4.5e-10,4.5e-10,4.5e-10
