0.73,0.73,0.73,0.73,0.73,0.73,0.73,0.73,0.73,0.73,0.73,0.73,0.73,0.73,0.73,0.73,0.73,0.73,0.73,0.73,0.73,0.73,0.73,0.73,0.73,0.73,0.73,0.73,0.73,0.73,0.73,0.73,0.73,0.73,0.73,0.73,0.73,0.73,0.73,0.73,0.73,0.73,0.73,0.73,0.73,0.73,0.73,0.73,0.73,0.73,0.73,0.73,0.73,0.73,0.73,0.73,0.73,0.73,0.73,0.73,0.73,0.73,0.73,0.73
0.73,0.73,0.73,0.73,0.73,0.73,0.73,0.73,0.73,0.73,0.73,0.73,0.73,0.73,0.73,0.73,0.73,0.73,0.73,0.73,0.73,0.73,0.73,0.73,0.73,0.73,0.73,0.73,0.73,0.73,0.73,0.73,0.73,0.73,0.73,0.73,0.73,0.73,0.73,0.73,0.73,0.73,0.73,0.73,0.73,0.73,0.73,0.73,0.73,0.73,0.73,0.73,0.73,0.73,0.73,0.73,0.73,0.73,0.73,0.73,0.73,0.73,0.73,0.73
0.73,0.73,0.73,0.73,0.73,0.73,0.73,0.73,0.73,0.73,0.73,0.73,0.73,0.73,0.73,0.73,0.73,0.73,0.73,0.73,0.73,0.73,0.73,0.73,0.73,0.73,0.73,0.73,0.73,0.73,0.73,0.73,0.73,0.73,0.73,0.73,0.73,0.73,0.73,0.73,0.73,0.73,0.73,0.73,0.73,0.73,0.73,0.73,0.73,0.73,0.73,0.73,0.73,0.73,0.73,0.73,0.73,0.73,0.73,0.73,0.73,0.73,0.73,0.73
0.73,0.73,0.73,0.73,0.73,0.73,0.73,0.73,0.73,0.73,0.73,0.73,0.73,0.73,0.73,0.73,0.73,0.73,0.73,0.73,0.73,0.73,0.73,0.73,0.73,0.73,0.73,0.73,0.73,0.73,0.73,0.73,0.73,0.73,0.73,0.73,0.73,0.73,0.73,0.73,0.73,0.73,0.73,0.73,0.73,0.73,0.73,0.73,0.73,0.73,0.73,0.73,0.73,0.73,0.73,0.73,0.73,0.73,0.73,0.73,0.73,0.73,0.73,0.73
0.73,0.73,0.73,0.73,0.73,0.73,0.73,0.73,0.73,0.73,0.73,0.73,0.73,0.73,0.73,0.73,0.73,0.73,0.73,0.73,0.73,0.73,0.73,0.73,0.73,0.73,0.73,0.73,0.73,0.73,0.73,0.73,0.73,0.73,0.73,0.73,0.73,0.73,0.73,0.73,0.73,0.73,0.73,0.73,0.73,0.73,0.73,0.73,0.73,0.73,0.73,0.73,0.73,0.73,0.73,0.73,0.73,0.73,0.73,0.73,0.73,0.73,0.73,0.73
0.73,0.73,0.73,0.73,0.73,0.73,0.73,0.73,0.73,0.73,0.73,0.73,0.73,0.73,0.73,0.73,0.73,0.73,0.73,0.73,0.73,0.73,0.73,0.73,0.73,0.73,0.73,0.73,0.73,0.73,0.73,0.73,0.73,0.73,0.73,0.73,0.73,0.73,0.73,0.73,0.73,0.73,0.73,0.73,0.73,0.73,0.73,0.73,0.73,0.73,0.73,0.73,0.73,0.73,0.73,0.73,0.73,0.73,0.73,0.73,0.73,0.73,0.73,0.73
0.73,0.73,0.73,0.73,0.73,0.73,0.73,0.73,0.73,0.73,0.73,0.73,0.73,0.73,0.73,0.73,0.73,0.73,0.73,0.73,0.73,0.73,0.73,0.73,0.73,0.73,0.73,0.73,0.73,0.73,0.73,0.73,0.73,0.73,0.73,0.73,0.73,0.73,0.73,0.73,0.73,0.73,0.73,0.73,0.73,0.73,0.73,0.73,0.73,0.73,0.73,0.73,0.73,0.73,0.73,0.73,0.73,0.73,0.73,0.73,0.73,0.73,0.73,0.73
0.73,0.73,0.73,0.73,0.73,0.73,0.73,0.73,0.73,0.73,0.73,0.73,0.73,0.73,0.73,0.73,0.73,0.73,0.73,0.73,0.73,0.73,0.73,0.73,0.73,0.73,0.73,0.73,0.73,0.73,0.73,0.73,0.73,0.73,0.73,0.73,0.73,0.73,0.73,0.73,0.73,0.73,0.73,0.73,0.73,0.73,0.73,0.73,0.73,0.73,0.73,0.73,0.73,0.73,0.73,0.73,0.73,0.73,0.73,0.73,0.73,0.73,0.73,0.73
0.73,0.73,0.73,0.73,0.73,0.73,0.73,0.73,0.73,0.73,0.73,0.73,0.73,0.73,0.73,0.73,0.73,0.73,0.73,0.73,0.73,0.73,0.73,0.73,0.73,0.73,0.73,0.73,0.73,0.73,0.73,0.73,0.73,0.73,0.73,0.73,0.73,0.73,0.73,0.73,0.73,0.73,0.73,0.73,0.73,0.73,0.73,0.73,0.73,0.73,0.73,0.73,0.73,0.73,0.73,0.73,0.73,0.73,0.73,0.73,0.73,0.73,0.73,0.73
0.73,0.73,0.73,0.73,0.73,0.73,0.73,0.73,0.73,0.73,0.73,0.73,0.73,0.73,0.73,0.73,0.73,0.73,0.73,0.73,0.73,0.73,0.73,0.73,0.73,0.73,0.73,0.73,0.73,0.73,0.73,0.73,0.73,0.73,0.73,0.73,0.73,0.73,0.73,0.73,0.73,0.73,0.73,0.73,0.73,0.73,0.73,0.73,0.73,0.73,0.73,0.73,0.73,0.73,0.73,0.73,0.73,0.73,0.73,0.73,0.73,0.73,0.73,0.73
0.73,0.73,0.73,0.73,0.73,0.73,0.73,0.73,0.73,0.73,0.73,0.73,0.73,0.73,0.73,0.73,0.73,0.73,0.73,0.73,0.73,0.73,0.73,0.73,0.73,0.73,0.73,0.73,0.73,0.73,0.73,0.73,0.73,0.73,0.73,0.73,0.73,0.73,0.73,0.73,0.73,0.73,0.73,0.73,0.73,0.73,0.73,0.73,0.73,0.73,0.73,0.73,0.73,0.73,0.73,0.73,0.73,0.73,0.73,0.73,0.73,0.73,0.73,0.73
0.73,0.73,0.73,0.73,0.73,0.73,0.73,0.73,0.73,0.73,0.73,0.73,0.73,0.73,0.73,0.73,0.73,0.73,0.73,0.73,0.73,0.73,0.73,0.73,0.73,0.73,0.73,0.73,0.73,0.73,0.73,0.73,0.73,0.73,0.73,0.73,0.73,0.73,0.73,0.73,0.73,0.73,0.73,0.73,0.73,0.73,0.73,0.73,0.73,0.73,0.73,0.73,0.73,0.73,0.73,0.73,0.73,0.73,0.73,0.73,0.73,0.73,0.73,0.73
0.73,0.73,0.73,0.73,0.73,0.73,0.73,0.73,0.73,0.73,0.73,0.73,0.73,0.73,0.73,0.73,0.73,0.73,0.73,0.73,0.73,0.73,0.73,0.73,0.73,0.73,0.73,0.73,0.73,0.73,0.73,0.73,0.73,0.73,0.73,0.73,0.73,0.73,0.73,0.73,0.73,0.73,0.73,0.73,0.73,0.73,0.73,0.73,0.73,0.73,0.73,0.73,0.73,0.73,0.73,0.73,0.73,0.73,0.73,0.73,0.73,0.73,0.73,0.73
0.73,0.73,0.73,0.73,0.73,0.73,0.73,0.73,0.73,0.73,0.73,0.73,0.73,0.73,0.73,0.73,0.73,0.73,0.73,0.73,0.73,0.73,0.73,0.73,0.73,0.73,0.73,0.73,0.73,0.73,0.73,0.73,0.73,0.73,0.73,0.73,0.73,0.73,0.73,0.73,0.73,0.73,0.73,0.73,0.73,0.73,0.73,0.73,0.73,0.73,0.73,0.73,0.73,0.73,0.73,0.73,0.73,0.73,0.73,0.73,0.73,0.73,0.73,0.73
0.73,0.73,0.73,0.73,0.73,0.73,0.73,0.73,0.73,0.73,0.73,0.73,0.73,0.73,0.73,0.73,0.73,0.73,0.73,0.73,0.73,0.73,0.73,0.73,0.73,0.73,0.73,0.73,0.73,0.73,0.73,0.73,0.73,0.73,0.73,0.73,0.73,0.73,0.73,0.73,0.73,0.73,0.73,0.73,0.73,0.73,0.73,0.73,0.73,0.73,0.73,0.73,0.73,0.73,0.73,0.73,0.73,0.73,0.73,0.73,0.73,0.73,0.73,0.73
0.73,0.73,0.73,0.73,0.73,0.73,0.73,0.73,0.73,0.73,0.73,0.73,0.73,0.73,0.73,0.73,0.73,0.73,0.73,0.73,0.73,0.73,0.73,0.73,0.73,0.73,0.73,0.73,0.73,0.73,0.73,0.73,0.73,0.73,0.73,0.73,0.73,0.73,0.73,0.73,0.73,0.73,0.73,0.73,0.73,0.73,0.73,0.73,0.73,0.73,0.73,0.73,0.73,0.73,0.73,0.73,0.73,0.73,0.73,0.73,0.73,0.73,0.73,0.73
0.73,0.73,0.73,0.73,0.73,0.73,0.73,0.73,0.73,0.73,0.73,0.73,0.73,0.73,0.73,0.73,0.73,0.73,0.73,0.73,0.73,0.73,0.73,0.73,0.73,0.73,0.73,0.73,0.73,0.73,0.73,0.73,0.73,0.73,0.73,0.73,0.73,0.73,0.73,0.73,0.73,0.73,0.73,0.73,0.73,0.73,0.73,0.73,0.73,0.73,0.73,0.73,0.73,0.73,0.73,0.73,0.73,0.73,0.73,0.73,0.73,0.73,0.73,0.73
0.73,0.73,0.73,0.73,0.73,0.73,0.73,0.73,0.73,0.73,0.73,0.73,0.73,0.73,0.73,0.73,0.73,0.73,0.73,0.73,0.73,0.73,0.73,0.73,0.73,0.73,0.73,0.73,0.73,0.73,0.73,0.73,0.73,0.73,0.73,0.73,0.73,0.73,0.73,0.73,0.73,0.73,0.73,0.73,0.73,0.73,0.73,0.73,0.73,0.73,0.73,0.73,0.73,0.73,0.73,0.73,0.73,0.73,0.73,0.73,0.73,0.73,0.73,0.73
0.73,0.73,0.73,0.73,0.73,0.73,0.73,0.73,0.73,0.73,0.73,0.73,0.73,0.73,0.73,0.73,0.73,0.73,0.73,0.73,0.73,0.73,0.73,0.73,0.73,0.73,0.73,0.73,0.73,0.73,0.73,0.73,0.73,0.73,0.73,0.73,0.73,0.73,0.73,0.73,0.73,0.73,0.73,0.73,0.73,0.73,0.73,0.73,0.73,0.73,0.73,0.73,0.73,0.73,0.73,0.73,0.73,0.73,0.73,0.73,0.73,0.73,0.73,0.73
0.73,0.73,0.73,0.73,0.73,0.73,0.73,0.73,0.73,0.73,0.73,0.73,0.73,0.73,0.73,0.73,0.73,0.73,0.73,0.73,0.73,0.73,0.73,0.73,0.73,0.73,0.73,0.73,0.73,0.73,0.73,0.73,0.73,0.73,0.73,0.73,0.73,0.73,0.73,0.73,0.73,0.73,0.73,0.73,0.73,0.73,0.73,0.73,0.73,0.73,0.73,0.73,0.73,0.73,0.73,0.73,0.73,0.73,0.73,0.73,0.73,0.73,0.73,0.73
0.73,0.73,0.73,0.73,0.73,0.73,0.73,0.73,0.73,0.73,0.73,0.73,0.73,0.73,0.73,0.73,0.73,0.73,0.73,0.73,0.73,0.73,0.73,0.73,0.73,0.73,0.73,0.73,0.73,0.73,0.73,0.73,0.73,0.73,0.73,0.73,0.73,0.73,0.73,0.73,0.73,0.73,0.73,0.73,0.73,0.73,0.73,0.73,0.73,0.73,0.73,0.73,0.73,0.73,0.73,0.73,0.73,0.73,0.73,0.73,0.73,0.73,0.73,0.73
0.73,0.73,0.73,0.73,0.73,0.73,0.73,0.73,0.73,0.73,0.73,0.73,0.73,0.73,0.73,0.73,0.73,0.73,0.73,0.73,0.73,0.73,0.73,0.73,0.73,0.73,0.73,0.73,0.73,0.73,0.73,0.73,0.73,0.73,0.73,0.73,0.73,0.73,0.73,0.73,0.73,0.73,0.73,0.73,0.73,0.73,0.73,0.73,0.73,0.73,0.73,0.73,0.73,0.73,0.73,0.73,0.73,0.73,0.73,0.73,0.73,0.73,0.73,0.73
0.73,0.73,0.73,0.73,0.73,0.73,0.73,0.73,0.73,0.73,0.73,0.73,0.73,0.73,0.73,0.73,0.73,0.73,0.73,0.73,0.73,0.73,0.73,0.73,0.73,0.73,0.73,0.73,0.73,0.73,0.73,0.73,0.73,0.73,0.73,0.73,0.73,0.73,0.73,0.73,0.73,0.73,0.73,0.73,0.73,0.73,0.73,0.73,0.73,0.73,0.73,0.73,0.73,0.73,0.73,0.73,0.73,0.73,0.73,0.73,0.73,0.73,0.73,0.73
0.73,0.73,0.73,0.73,0.73,0.73,0.73,0.73,0.73,0.73,0.73,0.73,0.73,0.73,0.73,0.73,0.73,0.73,0.73,0.73,0.73,0.73,0.73,0.73,0.73,0.73,0.73,0.73,0.73,0.73,0.73,0.73,0.73,0.73,0.73,0.73,0.73,0.73,0.73,0.73,0.73,0.73,0.73,0.73,0.73,0.73,0.73,0.73,0.73,0.73,0.73,0.73,0.73,0.73,0.73,0.73,0.73,0.73,0.73,0.73,0.73,0.73,0.73,0.73
0.73,0.73,0.73,0.73,0.73,0.73,0.73,0.73,0.73,0.73,0.73,0.73,0.73,0.73,0.73,0.73,0.73,0.73,0.73,0.73,0.73,0.73,0.73,0.73,0.73,0.73,0.73,0.73,0.73,0.73,0.73,0.73,0.73,0.73,0.73,0.73,0.73,0.73,0.73,0.73,0.73,0.73,0.73,0.73,0.73,0.73,0.73,0.73,0.73,0.73,0.73,0.73,0.73,0.73,0.73,0.73,0.73,0.73,0.73,0.73,0.73,0.73,0.73,0.73
0.73,0.73,0.73,0.73,0.73,0.73,0.73,0.73,0.73,0.73,0.73,0.73,0.73,0.73,0.73,0.73,0.73,0.73,0.73,0.73,0.73,0.73,0.73,0.73,0.73,0.73,0.73,0.73,0.73,0.73,0.73,0.73,0.73,0.73,0.73,0.73,0.73,0.73,0.73,0.73,0.73,0.73,0.73,0.73,0.73,0.73,0.73,0.73,0.73,0.73,0.73,0.73,0.73,0.73,0.73,0.73,0.73,0.73,0.73,0.73,0.73,0.73,0.73,0.73
0.73,0.73,0.73,0.73,0.73,0.73,0.73,0.73,0.73,0.73,0.73,0.73,0.73,0.73,0.73,0.73,0.73,0.73,0.73,0.73,0.73,0.73,0.73,0.73,0.73,0.73,0.73,0.73,0.73,0.73,0.73,0.73,0.73,0.73,0.73,0.73,0.73,0.73,0.73,0.73,0.73,0.73,0.73,0.73,0.73,0.73,0.73,0.73,0.73,0.73,0.73,0.73,0.73,0.73,0.73,0.73,0.73,0.73,0.73,0.73,0.73,0.73,0.73,0.73
0.73,0.73,0.73,0.73,0.73,0.73,0.73,0.73,0.73,0.73,0.73,0.73,0.73,0.73,0.73,0.73,0.73,0.73,0.73,0.73,0.73,0.73,0.73,0.73,0.73,0.73,0.73,0.73,0.73,0.73,0.73,0.73,0.73,0.73,0.73,0.73,0.73,0.73,0.73,0.73,0.73,0.73,0.73,0.73,0.73,0.73,0.73,0.73,0.73,0.73,0.73,0.73,0.73,0.73,0.73,0.73,0.73,0.73,0.73,0.73,0.73,0.73,0.73,0.73
0.73,0.73,0.73,0.73,0.73,0.73,0.73,0.73,0.73,0.73,0.73,0.73,0.73,0.73,0.73,0.73,0.73,0.73,0.73,0.73,0.73,0.73,0.73,0.73,0.73,0.73,0.73,0.73,0.73,0.73,0.73,0.73,0.73,0.73,0.73,0.73,0.73,0.73,0.73,0.73,0.73,0.73,0.73,0.73,0.73,0.73,0.73,0.73,0.73,0.73,0.73,0.73,0.73,0.73,0.73,0.73,0.73,0.73,0.73,0.73,0.73,0.73,0.73,0.73
0.73,0.73,0.73,0.73,0.73,0.73,0.73,0.73,0.73,0.73,0.73,0.73,0.73,0.73,0.73,0.73,0.73,0.73,0.73,0.73,0.73,0.73,0.73,0.73,0.73,0.73,0.73,0.73,0.73,0.73,0.73,0.73,0.73,0.73,0.73,0.73,0.73,0.73,0.73,0.73,0.73,0.73,0.73,0.73,0.73,0.73,0.73,0.73,0.73,0.73,0.73,0.73,0.73,0.73,0.73,0.73,0.73,0.73,0.73,0.73,0.73,0.73,0.73,0.73
0.73,0.73,0.73,0.73,0.73,0.73,0.73,0.73,0.73,0.73,0.73,0.73,0.73,0.73,0.73,0.73,0.73,0.73,0.73,0.73,0.73,0.73,0.73,0.73,0.73,0.73,0.73,0.73,0.73,0.73,0.73,0.73,0.73,0.73,0.73,0.73,0.73,0.73,0.73,0.73,0.73,0.73,0.73,0.73,0.73,0.73,0.73,0.73,0.73,0.73,0.73,0.73,0.73,0.73,0.73,0.73,0.73,0.73,0.73,0.73,0.73,0.73,0.73,0.73
0.73,0.73,0.73,0.73,0.73,0.73,0.73,0.73,0.73,0.73,0.73,0.73,0.73,0.73,0.73,0.73,0.73,0.73,0.73,0.73,0.73,0.73,0.73,0.73,0.73,0.73,0.73,0.73,0.73,0.73,0.73,0.73,0.73,0.73,0.73,0.73,0.73,0.73,0.73,0.73,0.73,0.73,0.73,0.73,0.73,0.73,0.73,0.73,0.73,0.73,0.73,0.73,0.73,0.73,0.73,0.73,0.73,0.73,0.73,0.73,0.73,0.73,0.73,0.73
0.73,0.73,0.73,0.73,0.73,0.73,0.73,0.73,0.73,0.73,0.73,0.73,0.73,0.73,0.73,0.73,0.73,0.73,0.73,0.73,0.73,0.73,0.73,0.73,0.73,0.73,0.73,0.73,0.73,0.73,0.73,0.73,0.73,0.73,0.73,0.73,0.73,0.73,0.73,0.73,0.73,0.73,0.73,0.73,0.73,0.73,0.73,0.73,0.73,0.73,0.73,0.73,0.73,0.73,0.73,0.73,0.73,0.73,0.73,0.73,0.73,0.73,0.73,0.73
0.73,0.73,0.73,0.73,0.73,0.73,0.73,0.73,0.73,0.73,0.73,0.73,0.73,0.73,0.73,0.73,0.73,0.73,0.73,0.73,0.73,0.73,0.73,0.73,0.73,0.73,0.73,0.73,0.73,0.73,0.73,0.73,0.73,0.73,0.73,0.73,0.73,0.73,0.73,0.73,0.73,0.73,0.73,0.73,0.73,0.73,0.73,0.73,0.73,0.73,0.73,0.73,0.73,0.73,0.73,0.73,0.73,0.73,0.73,0.73,0.73,0.73,0.73,0.73
0.73,0.73,0.73,0.73,0.73,0.73,0.73,0.73,0.73,0.73,0.73,0.73,0.73,0.73,0.73,0.73,0.73,0.73,0.73,0.73,0.73,0.73,0.73,0.73,0.73,0.73,0.73,0.73,0.73,0.73,0.73,0.73,0.73,0.73,0.73,0.73,0.73,0.73,0.73,0.73,0.73,0.73,0.73,0.73,0.73,0.73,0.73,0.73,0.73,0.73,0.73,0.73,0.73,0.73,0.73,0.73,0.73,0.73,0.73,0.73,0.73,0.73,0.73,0.73
0.73,0.73,0.73,0.73,0.73,0.73,0.73,0.73,0.73,0.73,0.73,0.73,0.73,0.73,0.73,0.73,0.73,0.73,0.73,0.73,0.73,0.73,0.73,0.73,0.73,0.73,0.73,0.73,0.73,0.73,0.73,0.73,0.73,0.73,0.73,0.73,0.73,0.73,0.73,0.73,0.73,0.73,0.73,0.73,0.73,0.73,0.73,0.73,0.73,0.73,0.73,0.73,0.73,0.73,0.73,0.73,0.73,0.73,0.73,0.73,0.73,0.73,0.73,0.73
0.73,0.73,0.73,0.73,0.73,0.73,0.73,0.73,0.73,0.73,0.73,0.73,0.73,0.73,0.73,0.73,0.73,0.84,0.84,0.84,0.84,0.84,0.73,0.73,0.73,0.73,0.73,0.73,0.73,0.73,0.73,0.73,0.73,0.73,0.73,0.73,0.73,0.73,0.73,0.73,0.73,0.73,0.73,0.73,0.73,0.73,0.73,0.73,0.73,0.73,0.73,0.73,0.73,0.73,0.73,0.73,0.73,0.73,0.73,0.73,0.73,0.73,0.73,0.73
0.73,0.73,0.73,0.73,0.73,0.73,0.73,0.73,0.73,0.73,0.73,0.73,0.73,0.73,0.73,0.84,0.84,0.84,0.84,0.84,0.84,0.84,0.84,0.84,0.73,0.73,0.73,0.73,0.73,0.73,0.73,0.73,0.73,0.73,0.73,0.73,0.73,0.73,0.73,0.73,0.73,0.73,0.73,0.73,0.73,0.73,0.73,0.73,0.73,0.73,0.73,0.73,0.73,0.73,0.73,0.73,0.73,0.73,0.73,0.73,0.73,0.73,0.73,0.73
0.73,0.73,0.73,0.73,0.73,0.73,0.73,0.73,0.73,0.73,0.73,0.73,0.73,0.73,0.84,0.84,0.84,0.84,0.84,0.84,0.84,0.84,0.84,0.84,0.84,0.73,0.73,0.73,0.73,0.73,0.73,0.73,0.73,0.73,0.73,0.73,0.73,0.73,0.73,0.73,0.73,0.73,0.73,0.73,0.73,0.73,0.73,0.73,0.73,0.73,0.73,0.73,0.73,0.73,0.73,0.73,0.73,0.73,0.73,0.73,0.73,0.73,0.73,0.73
0.73,0.73,0.73,0.73,0.73,0.73,0.73,0.73,0.73,0.73,0.73,0.73,0.73,0.84,0.84,0.84,0.84,0.84,0.84,0.84,0.84,0.84,0.84,0.84,0.84,0.84,0.73,0.73,0.73,0.73,0.73,0.73,0.73,0.73,0.73,0.73,0.73,0.73,0.73,0.73,0.73,0.73,0.73,0.73,0.73,0.73,0.73,0.73,0.73,0.73,0.73,0.73,0.73,0.73,0.73,0.73,0.73,0.73,0.73,0.73,0.73,0.73,0.73,0.73
0.73,0.73,0.73,0.73,0.73,0.73,0.73,0.73,0.73,0.73,0.73,0.73,0.84,0.84,0.84,0.84,0.84,0.84,0.84,0.84,0.84,0.84,0.84,0.84,0.84,0.84,0.84,0.73,0.73,0.73,0.73,0.73,0.73,0.73,0.73,0.73,0.73,0.73,0.73,0.73,0.73,0.73,0.73,0.73,0.73,0.73,0.73,0.73,0.73,0.73,0.73,0.73,0.73,0.73,0.73,0.73,0.73,0.73,0.73,0.73,0.73,0.73,0.73,0.73
0.73,0.73,0.73,0.73,0.73,0.73,0.73,0.73,0.73,0.73,0.73,0.73,0.84,0.84,0.84,0.84,0.84,0.84,0.84,0.84,0.84,0.84,0.84,0.84,0.84,0.84,0.84,0.73,0.73,0.73,0.73,0.73,0.73,0.73,0.73,0.73,0.73,0.73,0.73,0.73,0.73,0.73,0.73,0.73,0.73,0.73,0.73,0.73,0.73,0.73,0.73,0.73,0.73,0.73,0.73,0.73,0.73,0.73,0.73,0.73,0.73,0.73,0.73,0.73
0.73,0.73,0.73,0.73,0.73,0.73,0.73,0.73,0.73,0.73,0.73,0.84,0.84,0.84,0.84,0.84,0.84,0.84,0.84,0.84,0.84,0.84,0.84,0.84,0.84,0.84,0.84,0.84,0.73,0.73,0.73,0.73,0.73,0.73,0.73,0.73,0.73,0.73,0.73,0.73,0.73,0.73,0.73,0.73,0.73,0.73,0.73,0.73,0.73,0.73,0.73,0.73,0.73,0.73,0.73,0.73,0.73,0.73,0.73,0.73,0.73,0.73,0.73,0.73
0.73,0.73,0.73,0.73,0.73,0.73,0.73,0.73,0.73,0.73,0.73,0.84,0.84,0.84,0.84,0.84,0.84,0.84,0.84,0.84,0.84,0.84,0.84,0.84,0.84,0.84,0.84,0.84,0.73,0.73,0.73,0.73,0.73,0.73,0.73,0.73,0.73,0.73,0.73,0.73,0.73,0.73,0.73,0.73,0.73,0.73,0.73,0.73,0.73,0.73,0.73,0.73,0.73,0.73,0.73,0.73,0.73,0.73,0.73,0.73,0.73,0.73,0.73,0.73
0.73,0.73,0.73,0.73,0.73,0.73,0.73,0.73,0.73,0.73,0.73,0.84,0.84,0.84,0.84,0.84,0.84,0.84,0.84,0.84,0.84,0.84,0.84,0.84,0.84,0.84,0.84,0.84,0.73,0.73,0.73,0.73,0.73,0.73,0.73,0.73,0.73,0.73,0.73,0.73,0.73,0.73,0.73,0.73,0.73,0.73,0.73,0.73,0.73,0.73,0.73,0.73,0.73,0.73,0.73,0.73,0.73,0.73,0.73,0.73,0.73,0.73,0.73,0.73
0.73,0.73,0.73,0.73,0.73,0.73,0.73,0.73,0.73,0.73,0.73,0.84,0.84,0.84,0.84,0.84,0.84,0.84,0.84,0.84,0.84,0.84,0.84,0.84,0.84,0.84,0.84,0.84,0.73,0.73,0.73,0.73,0.73,0.73,0.73,0.73,0.73,0.73,0.73,0.73,0.73,0.73,0.73,0.73,0.73,0.73,0.73,0.73,0.73,0.73,0.73,0.73,0.73,0.73,0.73,0.73,0.73,0.73,0.73,0.73,0.73,0.73,0.73,0.73
0.73,0.73,0.73,0.73,0.73,0.73,0.73,0.73,0.73,0.73,0.73,0.84,0.84,0.84,0.84,0.84,0.84,0.84,0.84,0.84,0.84,0.84,0.84,0.84,0.84,0.84,0.84,0.84,0.73,0.73,0.73,0.73,0.73,0.73,0.73,0.73,0.73,0.73,0.73,0.73,0.73,0.73,0.73,0.73,0.73,0.73,0.73,0.73,0.73,0.73,0.73,0.73,0.73,0.73,0.73,0.73,0.73,0.73,0.73,0.73,0.73,0.73,0.73,0.73
0.73,0.73,0.73,0.73,0.73,0.73,0.73,0.73,0.73,0.73,0.73,0.73,0.84,0.84,0.84,0.84,0.84,0.84,0.84,0.84,0.84,0.84,0.84,0.84,0.84,0.84,0.84,0.73,0.73,0.73,0.73,0.73,0.73,0.73,0.73,0.73,0.73,0.73,0.73,0.73,0.73,0.73,0.73,0.73,0.73,0.73,0.73,0.73,0.73,0.73,0.73,0.73,0.73,0.73,0.73,0.73,0.73,0.73,0.73,0.73,0.73,0.73,0.73,0.73
0.73,0.73,0.73,0.73,0.73,0.73,0.73,0.73,0.73,0.73,0.73,0.73,0.84,0.84,0.84,0.84,0.84,0.84,0.84,0.84,0.84,0.84,0.84,0.84,0.84,0.84,0.84,0.73,0.73,0.73,0.73,0.73,0.73,0.73,0.73,0.73,0.73,0.73,0.73,0.73,0.73,0.73,0.73,0.73,0.73,0.73,0.73,0.73,0.73,0.73,0.73,0.73,0.73,0.73,0.73,0.73,0.73,0.73,0.73,0.73,0.73,0.73,0.73,0.73
0.73,0.73,0.73,0.73,0.73,0.73,0.73,0.73,0.73,0.73,0.73,0.73,0.73,0.84,0.84,0.84,0.84,0.84,0.84,0.84,0.84,0.84,0.84,0.84,0.84,0.84,0.73,0.73,0.73,0.73,0.73,0.73,0.73,0.73,0.73,0.73,0.73,0.73,0.73,0.73,0.73,0.73,0.73,0.73,0.73,0.73,0.73,0.73,0.73,0.73,0.73,0.73,0.73,0.73,0.73,0.73,0.73,0.73,0.73,0.73,0.73,0.73,0.73,0.73
0.73,0.73,0.73,0.73,0.73,0.73,0.73,0.73,0.73,0.73,0.73,0.73,0.73,0.84,0.84,0.84,0.84,0.84,0.84,0.84,0.84,0.84,0.84,0.84,0.84,0.73,0.73,0.73,0.73,0.73,0.73,0.73,0.73,0.73,0.73,0.73,0.73,0.73,0.73,0.73,0.73,0.73,0.73,0.73,0.73,0.73,0.73,0.73,0.73,0.73,0.73,0.73,0.73,0.73,0.73,0.73,0.73,0.73,0.73,0.73,0.73,0.73,0.73,0.73
0.73,0.73,0.73,0.73,0.73,0.73,0.73,0.73,0.73,0.73,0.73,0.73,0.73,0.73,0.73,0.84,0.84,0.84,0.84,0.84,0.84,0.84,0.84,0.84,0.73,0.73,0.73,0.73,0.73,0.73,0.73,0.73,0.73,0.73,0.73,0.73,0.73,0.73,0.73,0.73,0.73,0.73,0.73,0.73,0.73,0.73,0.73,0.73,0.73,0.73,0.73,0.73,0.73,0.73,0.73,0.73,0.73,0.73,0.73,0.73,0.73,0.73,0.73,0.73
0.73,0.73,0.73,0.73,0.73,0.73,0.73,0.73,0.73,0.73,0.73,0.73,0.73,0.73,0.73,0.73,0.73,0.84,0.84,0.84,0.84,0.84,0.73,0.73,0.73,0.73,0.73,0.73,0.73,0.73,0.73,0.73,0.73,0.73,0.73,0.73,0.73,0.73,0.73,0.73,0.73,0.73,0.73,0.73,0.73,0.73,0.73,0.73,0.73,0.73,0.73,0.73,0.73,0.73,0.73,0.73,0.73,0.73,0.73,0.73,0.73,0.73,0.73,0.73
0.73,0.73,0.73,0.73,0.73,0.73,0.73,0.73,0.73,0.73,0.73,0.73,0.73,0.73,0.73,0.73,0.73,0.73,0.73,0.73,0.73,0.73,0.73,0.73,0.73,0.73,0.73,0.73,0.73,0.73,0.73,0.73,0.73,0.73,0.73,0.73,0.73,0.73,0.73,0.73,0.73,0.73,0.73,0.73,0.73,0.73,0.73,0.73,0.73,0.73,0.73,0.73,0.73,0.73,0.73,0.73,0.73,0.73,0.73,0.73,0.73,0.73,0.73,0.73
0.73,0.73,0.73,0.73,0.73,0.73,0.73,0.73,0.73,0.73,0.73,0.73,0.73,0.73,0.73,0.73,0.73,0.73,0.73,0.73,0.73,0.73,0.73,0.73,0.73,0.73,0.73,0.73,0.73,0.73,0.73,0.73,0.73,0.73,0.73,0.73,0.73,0.73,0.73,0.73,0.73,0.73,0.73,0.73,0.73,0.73,0.73,0.73,0.73,0.73,0.73,0.73,0.73,0.73,0.73,0.73,0.73,0.73,0.73,0.73,0.73,0.73,0.73,0.73
0.73,0.73,0.73,0.73,0.73,0.73,0.73,0.73,0.73,0.73,0.73,0.73,0.73,0.73,0.73,0.73,0.73,0.73,0.73,0.73,0.73,0.73,0.73,0.73,0.73,0.73,0.73,0.73,0.73,0.73,0.73,0.73,0.73,0.73,0.73,0.73,0.73,0.73,0.73,0.73,0.73,0.73,0.73,0.73,0.73,0.73,0.73,0.73,0.73,0.73,0.73,0.73,0.73,0.73,0.73,0.73,0.73,0.73,0.73,0.73,0.73,0.73,0.73,0.73
0.73,0.73,0.73,0.73,0.73,0.73,0.73,0.73,0.73,0.73,0.73,0.73,0.73,0.73,0.73,0.73,0.73,0.73,0.73,0.73,0.73,0.73,0.73,0.73,0.73,0.73,0.73,0.73,0.73,0.73,0.73,0.73,0.73,0.73,0.73,0.73,0.73,0.73,0.73,0.73,0.73,0.73,0.73,0.73,0.73,0.73,0.73,0.73,0.73,0.73,0.73,0.73,0.73,0.73,0.73,0.73,0.73,0.73,0.73,0.73,0.73,0.73,0.73,0.73
0.73,0.73,0.73,0.73,0.73,0.73,0.73,0.73,0.73,0.73,0.73,0.73,0.73,0.73,0.73,0.73,0.73,0.73,0.73,0.73,0.73,0.73,0.73,0.73,0.73,0.73,0.73,0.73,0.73,0.73,0.73,0.73,0.73,0.73,0.73,0.73,0.73,0.73,0.73,0.73,0.73,0.73,0.73,0.73,0.73,0.73,0.73,0.73,0.73,0.73,0.73,0.73,0.73,0.73,0.73,0.73,0.73,0.73,0.73,0.73,0.73,0.73,0.73,0.73
0.73,0.73,0.73,0.73,0.73,0.73,0.73,0.73,0.73,0.73,0.73,0.73,0.73,0.73,0.73,0.73,0.73,0.73,0.73,0.73,0.73,0.73,0.73,0.73,0.73,0.73,0.73,0.73,0.73,0.73,0.73,0.73,0.73,0.73,0.73,0.73,0.73,0.73,0.73,0.73,0.73,0.73,0.73,0.73,0.73,0.73,0.73,0.73,0.73,0.73,0.73,0.73,0.73,0.73,0.73,0.73,0.73,0.73,0.73,0.73,0.73,0.73,0.73,0.73
0.73,0.73,0.73,0.73,0.73,0.73,0.73,0.73,0.73,0.73,0.73,0.73,0.73,0.73,0.73,0.73,0.73,0.73,0.73,0.73,0.73,0.73,0.73,0.73,0.73,0.73,0.73,0.73,0.73,0.73,0.73,0.73,0.73,0.73,0.73,0.73,0.73,0.73,0.73,0.73,0.73,0.73,0.73,0.73,0.73,0.73,0.73,0.73,0.73,0.73,0.73,0.73,0.73,0.73,0.73,0.73,0.73,0.73,0.73,0.73,0.73,0.73,0.73,0.73
0.73,0.73,0.73,0.73,0.73,0.73,0.73,0.73,0.73,0.73,0.73,0.73,0.73,0.73,0.73,0.73,0.73,0.73,0.73,0.73,0.73,0.73,0.73,0.73,0.73,0.73,0.73,0.73,0.73,0.73,0.73,0.73,0.73,0.73,0.73,0.73,0.73,0.73,0.73,0.73,0.73,0.73,0.73,0.73,0.73,0.73,0.73,0.73,0.73,0.73,0.73,0.73,0.73,0.73,0.73,0.73,0.73,0.73,0.73,0.73,0.73,0.73,0.73,0.73
0.73,0.73,0.73,0.73,0.73,0.73,0.73,0.73,0.73,0.73,0.73,0.73,0.73,0.73,0.73,0.73,0.73,0.73,0.73,0.73,0.73,0.73,0.73,0.73,0.73,0.73,0.73,0.73,0.73,0.73,0.73,0.73,0.73,0.73,0.73,0.73,0.73,0.73,0.73,0.73,0.73,0.73,0.73,0.73,0.73,0.73,0.73,0.73,0.73,0.73,0.73,0.73,0.73,0.73,0.73,0.73,0.73,0.73,0.73,0.73,0.73,0.73,0.73,0.73
0.73,0.73,0.73,0.73,0.73,0.73,0.73,0.73,0.73,0.73,0.73,0.73,0.73,0.73,0.73,0.73,0.73,0.73,0.73,0.73,0.73,0.73,0.73,0.73,0.73,0.73,0.73,0.73,0.73,0.73,0.73,0.73,0.73,0.73,0.73,0.73,0.73,0.73,0.73,0.73,0.73,0.73,0.73,0.73,0.73,0.73,0.73,0.73,0.73,0.73,0.73,0.73,0.73,0.73,0.73,0.73,0.73,0.73,0.73,0.73,0.73,0.73,0.73,0.73
0.73,0.73,0.73,0.73,0.73,0.73,0.73,0.73,0.73,0.73,0.73,0.73,0.73,0.73,0.73,0.73,0.73,0.73,0.73,0.73,0.73,0.73,0.73,0.73,0.73,0.73,0.73,0.73,0.73,0.73,0.73,0.73,0.73,0.73,0.73,0.73,0.73,0.73,0.73,0.73,0.73,0.73,0.73,0.73,0.73,0.73,0.73,0.73,0.73,0.73,0.73,0.73,0.73,0.73,0.73,0.73,0.73,0.73,0.73,0.73,0.73,0.73,0.73,0.73
