0.73,0.73,0.73,0.73,0.73,0.73,0.73,0.73,0.73,0.73,0.73,0.73,0.73,0.73,0.73,0.73,0.73,0.73,0.73,0.73,0.73,0.73,0.73,0.73,0.73,0.73,0.73,0.73,0.73,0.73,0.73,0.73,0.73,0.73,0.73,0.73,0.73,0.73,0.73,0.73,0.73,0.73,0.73,0.73,0.73,0.73,0.73,0.73,0.73,0.73,0.73,0.73,0.73,0.73,0.73,0.73,0.73,0.73,0.73,0.73,0.73,0.73,0.73,0.73
0.73,0.73,0.73,0.73,0.73,0.73,0.73,0.73,0.73,0.73,0.73,0.73,0.73,0.73,0.73,0.73,0.73,0.73,0.73,0.73,0.73,0.73,0.73,0.73,0.73,0.73,0.73,0.73,0.73,0.73,0.73,0.73,0.73,0.73,0.73,0.73,0.73,0.73,0.73,0.73,0.73,0.73,0.73,0.73,0.73,0.73,0.73,0.73,0.73,0.73,0.73,0.73,0.73,0.73,0.73,0.73,0.73,0.73,0.73,0.73,0.73,0.73,0.73,0.73
0.73,0.73,0.73,0.73,0.73,0.73,0.73,0.73,0.73,0.73,0.73,0.73,0.73,0.73,0.73,0.73,0.73,0.73,0.73,0.73,0.73,0.73,0.73,0.73,0.73,0.73,0.73,0.73,0.73,0.73,0.73,0.73,0.73,0.73,0.73,0.73,0.73,0.73,0.73,0.73,0.73,0.73,0.73,0.73,0.73,0.73,0.73,0.73,0.73,0.73,0.73,0.73,0.73,0.73,0.73,0.73,0.73,0.73,0.73,0.73,0.73,0.73,0.73,0.73
0.73,0.73,0.73,0.73,0.73,0.73,0.73,0.73,0.73,0.73,0.73,0.73,0.73,0.73,0.73,0.73,0.73,0.73,0.73,0.73,0.73,0.73,0.73,0.73,0.73,0.73,0.73,0.73,0.73,0.73,0.73,0.73,0.73,0.73,0.73,0.73,0.73,0.73,0.73,0.73,0.73,0.73,0.73,0.73,0.73,0.73,0.73,0.73,0.73,0.73,0.73,0.73,0.73,0.73,0.73,0.73,0.73,0.73,0.73,0.73,0.73,0.73,0.73,0.73
0.73,0.73,0.73,0.73,0.73,0.73,0.73,0.73,0.73,0.73,0.73,0.73,0.73,0.73,0.73,0.73,0.73,0.73,0.73,0.73,0.73,0.73,0.73,0.73,0.73,0.73,0.73,0.73,0.73,0.73,0.73,0.73,0.73,0.73,0.73,0.73,0.73,0.73,0.73,0.73,0.73,0.73,0.73,0.73,0.73,0.73,0.73,0.73,0.73,0.73,0.73,0.73,0.73,0.73,0.73,0.73,0.73,0.73,0.73,0.73,0.73,0.73,0.73,0.73
0.73,0.73,0.73,0.73,0.73,0.73,0.73,0.73,0.73,0.73,0.73,0.73,0.73,0.73,0.73,0.73,0.73,0.73,0.73,0.73,0.73,0.73,0.73,0.73,0.73,0.73,0.73,0.73,0.73,0.73,0.73,0.73,0.73,0.73,0.73,0.73,0.73,0.73,0.73,0.73,0.73,0.73,0.73,0.73,0.73,0.73,0.73,0.73,0.73,0.73,0.73,0.73,0.73,0.73,0.73,0.73,0.73,0.73,0.73,0.73,0.73,0.73,0.73,0.73
0.73,0.73,0.73,0.73,0.73,0.73,0.73,0.73,0.73,0.73,0.73,0.73,0.73,0.73,0.73,0.73,0.73,0.73,0.73,0.73,0.73,0.73,0.73,0.73,0.73,0.73,0.73,0.73,0.73,0.73,0.73,0.73,0.73,0.73,0.73,0.73,0.73,0.73,0.73,0.73,0.73,0.73,0.73,0.73,0.73,0.73,0.73,0.73,0.73,0.73,0.73,0.73,0.73,0.73,0.73,0.73,0.73,0.73,0.73,0.73,0.73,0.73,0.73,0.73
0.73,0.73,0.73,0.73,0.73,0.73,0.73,0.73,0.73,0.73,0.73,0.73,0.73,0.73,0.73,0.73,0.73,0.73,0.73,0.73,0.73,0.73,0.73,0.73,0.73,0.73,0.73,0.73,0.73,0.73,0.73,0.73,0.73,0.73,0.73,0.73,0.73,0.73,0.73,0.73,0.73,0.73,0.73,0.73,0.73,0.73,0.73,0.73,0.73,0.73,0.73,0.73,0.73,0.73,0.73,0.73,0.73,0.73,0.73,0.73,0.73,0.73,0.73,0.73
0.73,0.73,0.73,0.73,0.73,0.73,0.73,0.73,0.73,0.73,0.73,0.73,0.73,0.73,0.73,0.73,0.73,0.73,0.73,0.73,0.73,0.73,0.73,0.73,0.73,0.73,0.73,0.73,0.73,0.73,0.73,0.73,0.73,0.73,0.73,0.73,0.73,0.73,0.73,0.73,0.73,0.73,0.73,0.73,0.73,0.73,0.73,0.73,0.73,0.73,0.73,0.73,0.73,0.73,0.73,0.73,0.73,0.73,0.73,0.73,0.73,0.73,0.73,0.73
0.73,0.73,0.73,0.73,0.73,0.73,0.73,0.73,0.73,0.73,0.73,0.73,0.73,0.73,0.73,0.73,0.73,0.73,0.73,0.73,0.73,0.73,0.73,0.73,0.73,0.73,0.73,0.73,0.73,0.73,0.73,0.73,0.73,0.73,0.73,0.73,0.73,0.73,0.73,0.73,0.73,0.73,0.73,0.73,0.73,0.73,0.73,0.73,0.73,0.73,0.73,0.73,0.73,0.73,0.73,0.73,0.73,0.73,0.73,0.73,0.73,0.73,0.73,0.73
0.73,0.73,0.73,0.73,0.73,0.73,0.73,0.73,0.73,0.73,0.73,0.73,0.73,0.73,0.73,0.73,0.73,0.73,0.73,0.73,0.73,0.73,0.73,0.73,0.73,0.73,0.73,0.73,0.73,0.73,0.73,0.73,0.73,0.73,0.73,0.73,0.73,0.73,0.73,0.73,0.73,0.73,0.73,0.73,0.73,0.73,0.73,0.73,0.73,0.73,0.73,0.73,0.73,0.73,0.73,0.73,0.73,0.73,0.73,0.73,0.73,0.73,0.73,0.73
0.73,0.73,0.73,0.73,0.73,0.73,0.73,0.73,0.73,0.73,0.73,0.73,0.73,0.73,0.73,0.73,0.73,0.62,0.62,0.62,0.62,0.62,0.73,0.73,0.73,0.73,0.73,0.73,0.73,0.73,0.73,0.73,0.73,0.73,0.73,0.73,0.73,0.73,0.73,0.73,0.73,0.73,0.73,0.73,0.73,0.73,0.73,0.73,0.73,0.73,0.73,0.73,0.73,0.73,0.73,0.73,0.73,0.73,0.73,0.73,0.73,0.73,0.73,0.73
0.73,0.73,0.73,0.73,0.73,0.73,0.73,0.73,0.73,0.73,0.73,0.73,0.73,0.73,0.73,0.62,0.62,0.62,0.62,0.62,0.62,0.62,0.62,0.62,0.73,0.73,0.73,0.73,0.73,0.73,0.73,0.73,0.73,0.73,0.73,0.73,0.73,0.73,0.73,0.73,0.73,0.73,0.73,0.73,0.73,0.73,0.73,0.73,0.73,0.73,0.73,0.73,0.73,0.73,0.73,0.73,0.73,0.73,0.73,0.73,0.73,0.73,0.73,0.73
0.73,0.73,0.73,0.73,0.73,0.73,0.73,0.73,0.73,0.73,0.73,0.73,0.73,0.62,0.62,0.62,0.62,0.62,0.62,0.62,0.62,0.62,0.62,0.62,0.62,0.73,0.73,0.73,0.73,0.73,0.73,0.73,0.73,0.73,0.73,0.73,0.73,0.73,0.73,0.73,0.73,0.73,0.73,0.73,0.73,0.73,0.73,0.73,0.73,0.73,0.73,0.73,0.73,0.73,0.73,0.73,0.73,0.73,0.73,0.73,0.73,0.73,0.73,0.73
0.73,0.73,0.73,0.73,0.73,0.73,0.73,0.73,0.73,0.73,0.73,0.73,0.73,0.62,0.62,0.62,0.62,0.62,0.62,0.62,0.62,0.62,0.62,0.62,0.62,0.62,0.73,0.73,0.73,0.73,0.73,0.73,0.73,0.73,0.73,0.73,0.73,0.73,0.73,0.73,0.73,0.73,0.73,0.73,0.73,0.73,0.73,0.73,0.73,0.73,0.73,0.73,0.73,0.73,0.73,0.73,0.73,0.73,0.73,0.73,0.73,0.73,0.73,0.73
0.73,0.73,0.73,0.73,0.73,0.73,0.73,0.73,0.73,0.73,0.73,0.73,0.62,0.62,0.62,0.62,0.62,0.62,0.62,0.62,0.62,0.62,0.62,0.62,0.62,0.62,0.62,0.73,0.73,0.73,0.73,0.73,0.73,0.73,0.73,0.73,0.73,0.73,0.73,0.73,0.73,0.73,0.73,0.73,0.73,0.73,0.73,0.73,0.73,0.73,0.73,0.73,0.73,0.73,0.73,0.73,0.73,0.73,0.73,0.73,0.73,0.73,0.73,0.73
0.73,0.73,0.73,0.73,0.73,0.73,0.73,0.73,0.73,0.73,0.73,0.73,0.62,0.62,0.62,0.62,0.62,0.62,0.62,0.62,0.62,0.62,0.62,0.62,0.62,0.62,0.62,0.73,0.73,0.73,0.73,0.73,0.73,0.73,0.73,0.73,0.73,0.73,0.73,0.73,0.73,0.73,0.73,0.73,0.73,0.73,0.73,0.73,0.73,0.73,0.73,0.73,0.73,0.73,0.73,0.73,0.73,0.73,0.73,0.73,0.73,0.73,0.73,0.73
0.73,0.73,0.73,0.73,0.73,0.73,0.73,0.73,0.73,0.73,0.73,0.62,0.62,0.62,0.62,0.62,0.62,0.62,0.62,0.62,0.62,0.62,0.62,0.62,0.62,0.62,0.62,0.62,0.73,0.73,0.73,0.73,0.73,0.73,0.73,0.73,0.73,0.73,0.73,0.73,0.73,0.73,0.73,0.73,0.73,0.73,0.73,0.73,0.73,0.73,0.73,0.73,0.73,0.73,0.73,0.73,0.73,0.73,0.73,0.73,0.73,0.73,0.73,0.73
0.73,0.73,0.73,0.73,0.73,0.73,0.73,0.73,0.73,0.73,0.73,0.62,0.62,0.62,0.62,0.62,0.62,0.62,0.62,0.62,0.62,0.62,0.62,0.62,0.62,0.62,0.62,0.62,0.73,0.73,0.73,0.73,0.73,0.73,0.73,0.73,0.73,0.73,0.73,0.73,0.73,0.73,0.73,0.73,0.73,0.73,0.73,0.73,0.73,0.73,0.73,0.73,0.73,0.73,0.73,0.73,0.73,0.73,0.73,0.73,0.73,0.73,0.73,0.73
0.73,0.73,0.73,0.73,0.73,0.73,0.73,0.73,0.73,0.73,0.73,0.62,0.62,0.62,0.62,0.62,0.62,0.62,0.62,0.62,0.62,0.62,0.62,0.62,0.62,0.62,0.62,0.62,0.73,0.73,0.73,0.73,0.73,0.73,0.73,0.73,0.73,0.73,0.73,0.73,0.73,0.73,0.73,0.73,0.73,0.73,0.73,0.73,0.73,0.73,0.73,0.73,0.73,0.73,0.73,0.73,0.73,0.73,0.73,0.73,0.73,0.73,0.73,0.73
0.73,0.73,0.73,0.73,0.73,0.73,0.73,0.73,0.73,0.73,0.73,0.62,0.62,0.62,0.62,0.62,0.62,0.62,0.62,0.62,0.62,0.62,0.62,0.62,0.62,0.62,0.62,0.62,0.73,0.73,0.73,0.73,0.73,0.73,0.73,0.73,0.73,0.73,0.73,0.73,0.73,0.73,0.73,0.73,0.73,0.73,0.73,0.73,0.73,0.73,0.73,0.73,0.73,0.73,0.73,0.73,0.73,0.73,0.73,0.73,0.73,0.73,0.73,0.73
0.73,0.73,0.73,0.73,0.73,0.73,0.73,0.73,0.73,0.73,0.73,0.62,0.62,0.62,0.62,0.62,0.62,0.62,0.62,0.62,0.62,0.62,0.62,0.62,0.62,0.62,0.62,0.62,0.73,0.73,0.73,0.73,0.73,0.73,0.73,0.73,0.73,0.73,0.73,0.73,0.73,0.73,0.73,0.73,0.73,0.73,0.73,0.73,0.73,0.73,0.73,0.73,0.73,0.73,0.73,0.73,0.73,0.73,0.73,0.73,0.73,0.73,0.73,0.73
0.73,0.73,0.73,0.73,0.73,0.73,0.73,0.73,0.73,0.73,0.73,0.73,0.62,0.62,0.62,0.62,0.62,0.62,0.62,0.62,0.62,0.62,0.62,0.62,0.62,0.62,0.62,0.73,0.73,0.73,0.73,0.73,0.73,0.73,0.73,0.73,0.73,0.73,0.73,0.73,0.73,0.73,0.73,0.73,0.73,0.73,0.73,0.73,0.73,0.73,0.73,0.73,0.73,0.73,0.73,0.73,0.73,0.73,0.73,0.73,0.73,0.73,0.73,0.73
0.73,0.73,0.73,0.73,0.73,0.73,0.73,0.73,0.73,0.73,0.73,0.73,0.62,0.62,0.62,0.62,0.62,0.62,0.62,0.62,0.62,0.62,0.62,0.62,0.62,0.62,0.62,0.73,0.73,0.73,0.73,0.73,0.73,0.73,0.73,0.73,0.73,0.73,0.73,0.73,0.73,0.73,0.73,0.73,0.73,0.73,0.73,0.73,0.73,0.73,0.73,0.73,0.73,0.73,0.73,0.73,0.73,0.73,0.73,0.73,0.73,0.73,0.73,0.73
0.73,0.73,0.73,0.73,0.73,0.73,0.73,0.73,0.73,0.73,0.73,0.73,0.73,0.62,0.62,0.62,0.62,0.62,0.62,0.62,0.62,0.62,0.62,0.62,0.62,0.62,0.73,0.73,0.73,0.73,0.73,0.73,0.73,0.73,0.73,0.73,0.73,0.73,0.73,0.73,0.73,0.73,0.73,0.73,0.73,0.73,0.73,0.73,0.73,0.73,0.73,0.73,0.73,0.73,0.73,0.73,0.73,0.73,0.73,0.73,0.73,0.73,0.73,0.73
0.73,0.73,0.73,0.73,0.73,0.73,0.73,0.73,0.73,0.73,0.73,0.73,0.73,0.73,0.62,0.62,0.62,0.62,0.62,0.62,0.62,0.62,0.62,0.62,0.62,0.73,0.73,0.73,0.73,0.73,0.73,0.73,0.73,0.73,0.73,0.73,0.73,0.73,0.73,0.73,0.73,0.73,0.73,0.73,0.73,0.73,0.73,0.73,0.73,0.73,0.73,0.73,0.73,0.73,0.73,0.73,0.73,0.73,0.73,0.73,0.73,0.73,0.73,0.73
0.73,0.73,0.73,0.73,0.73,0.73,0.73,0.73,0.73,0.73,0.73,0.73,0.73,0.73,0.73,0.62,0.62,0.62,0.62,0.62,0.62,0.62,0.62,0.62,0.73,0.73,0.73,0.73,0.73,0.73,0.73,0.73,0.73,0.73,0.73,0.73,0.73,0.73,0.73,0.73,0.73,0.73,0.73,0.73,0.73,0.73,0.73,0.73,0.73,0.73,0.73,0.73,0.73,0.73,0.73,0.73,0.73,0.73,0.73,0.73,0.73,0.73,0.73,0.73
0.73,0.73,0.73,0.73,0.73,0.73,0.73,0.73,0.73,0.73,0.73,0.73,0.73,0.73,0.73,0.73,0.73,0.62,0.62,0.62,0.62,0.62,0.73,0.73,0.73,0.73,0.73,0.73,0.73,0.73,0.73,0.73,0.73,0.73,0.73,0.73,0.73,0.73,0.73,0.73,0.73,0.73,0.73,0.73,0.73,0.73,0.73,0.73,0.73,0.73,0.73,0.73,0.73,0.73,0.73,0.73,0.73,0.73,0.73,0.73,0.73,0.73,0.73,0.73
0.73,0.73,0.73,0.73,0.73,0.73,0.73,0.73,0.73,0.73,0.73,0.73,0.73,0.73,0.73,0.73,0.73,0.73,0.73,0.73,0.73,0.73,0.73,0.73,0.73,0.73,0.73,0.73,0.73,0.73,0.73,0.73,0.73,0.73,0.73,0.73,0.73,0.73,0.73,0.73,0.73,0.73,0.73,0.73,0.73,0.73,0.73,0.73,0.73,0.73,0.73,0.73,0.73,0.73,0.73,0.73,0.73,0.73,0.73,0.73,0.73,0.73,0.73,0.73
0.73,0.73,0.73,0.73,0.73,0.73,0.73,0.73,0.73,0.73,0.73,0.73,0.73,0.73,0.73,0.73,0.73,0.73,0.73,0.73,0.73,0.73,0.73,0.73,0.73,0.73,0.73,0.73,0.73,0.73,0.73,0.73,0.73,0.73,0.73,0.73,0.73,0.73,0.73,0.73,0.73,0.73,0.73,0.73,0.73,0.73,0.73,0.73,0.73,0.73,0.73,0.73,0.73,0.73,0.73,0.73,0.73,0.73,0.73,0.73,0.73,0.73,0.73,0.73
0.73,0.73,0.73,0.73,0.73,0.73,0.73,0.73,0.73,0.73,0.73,0.73,0.73,0.73,0.73,0.73,0.73,0.73,0.73,0.73,0.73,0.73,0.73,0.73,0.73,0.73,0.73,0.73,0.73,0.73,0.73,0.73,0.73,0.73,0.73,0.73,0.73,0.73,0.73,0.73,0.73,0.73,0.73,0.73,0.73,0.73,0.73,0.73,0.73,0.73,0.73,0.73,0.73,0.73,0.73,0.73,0.73,0.73,0.73,0.73,0.73,0.73,0.73,0.73
0.73,0.73,0.73,0.73,0.73,0.73,0.73,0.73,0.73,0.73,0.73,0.73,0.73,0.73,0.73,0.73,0.73,0.73,0.73,0.73,0.73,0.73,0.73,0.73,0.73,0.73,0.73,0.73,0.73,0.73,0.73,0.73,0.73,0.73,0.73,0.73,0.73,0.73,0.73,0.73,0.73,0.73,0.73,0.73,0.73,0.73,0.73,0.73,0.73,0.73,0.73,0.73,0.73,0.73,0.73,0.73,0.73,0.73,0.73,0.73,0.73,0.73,0.73,0.73
0.73,0.73,0.73,0.73,0.73,0.73,0.73,0.73,0.73,0.73,0.73,0.73,0.73,0.73,0.73,0.73,0.73,0.73,0.73,0.73,0.73,0.73,0.73,0.73,0.73,0.73,0.73,0.73,0.73,0.73,0.73,0.73,0.73,0.73,0.73,0.73,0.73,0.73,0.73,0.73,0.73,0.73,0.73,0.73,0.73,0.73,0.73,0.73,0.73,0.73,0.73,0.73,0.73,0.73,0.73,0.73,0.73,0.73,0.73,0.73,0.73,0.73,0.73,0.73
0.73,0.73,0.73,0.73,0.73,0.73,0.73,0.73,0.73,0.73,0.73,0.73,0.73,0.73,0.73,0.73,0.73,0.73,0.73,0.73,0.73,0.73,0.73,0.73,0.73,0.73,0.73,0.73,0.73,0.73,0.73,0.73,0.73,0.73,0.73,0.73,0.73,0.73,0.73,0.73,0.73,0.73,0.73,0.73,0.73,0.73,0.73,0.73,0.73,0.73,0.73,0.73,0.73,0.73,0.73,0.73,0.73,0.73,0.73,0.73,0.73,0.73,0.73,0.73
0.73,0.73,0.73,0.73,0.73,0.73,0.73,0.73,0.73,0.73,0.73,0.73,0.73,0.73,0.73,0.73,0.73,0.73,0.73,0.73,0.73,0.73,0.73,0.73,0.73,0.73,0.73,0.73,0.73,0.73,0.73,0.73,0.73,0.73,0.73,0.73,0.73,0.73,0.73,0.73,0.73,0.73,0.73,0.73,0.73,0.73,0.73,0.73,0.73,0.73,0.73,0.73,0.73,0.73,0.73,0.73,0.73,0.73,0.73,0.73,0.73,0.73,0.73,0.73
0.73,0.73,0.73,0.73,0.73,0.73,0.73,0.73,0.73,0.73,0.73,0.73,0.73,0.73,0.73,0.73,0.73,0.73,0.73,0.73,0.73,0.73,0.73,0.73,0.73,0.73,0.73,0.73,0.73,0.73,0.73,0.73,0.73,0.73,0.73,0.73,0.73,0.73,0.73,0.73,0.73,0.73,0.73,0.73,0.73,0.73,0.73,0.73,0.73,0.73,0.73,0.73,0.73,0.73,0.73,0.73,0.73,0.73,0.73,0.73,0.73,0.73,0.73,0.73
0.73,0.73,0.73,0.73,0.73,0.73,0.73,0.73,0.73,0.73,0.73,0.73,0.73,0.73,0.73,0.73,0.73,0.73,0.73,0.73,0.73,0.73,0.73,0.73,0.73,0.73,0.73,0.73,0.73,0.73,0.73,0.73,0.73,0.73,0.73,0.73,0.73,0.73,0.73,0.73,0.73,0.73,0.73,0.73,0.73,0.73,0.73,0.73,0.73,0.73,0.73,0.73,0.73,0.73,0.73,0.73,0.73,0.73,0.73,0.73,0.73,0.73,0.73,0.73
0.73,0.73,0.73,0.73,0.73,0.73,0.73,0.73,0.73,0.73,0.73,0.73,0.73,0.73,0.73,0.73,0.73,0.73,0.73,0.73,0.73,0.73,0.73,0.73,0.73,0.73,0.73,0.73,0.73,0.73,0.73,0.73,0.73,0.73,0.73,0.73,0.73,0.73,0.73,0.73,0.73,0.73,0.73,0.73,0.73,0.73,0.73,0.73,0.73,0.73,0.73,0.73,0.73,0.73,0.73,0.73,0.73,0.73,0.73,0.73,0.73,0.73,0.73,0.73
0.73,0.73,0.73,0.73,0.73,0.73,0.73,0.73,0.73,0.73,0.73,0.73,0.73,0.73,0.73,0.73,0.73,0.73,0.73,0.73,0.73,0.73,0.73,0.73,0.73,0.73,0.73,0.73,0.73,0.73,0.73,0.73,0.73,0.73,0.73,0.73,0.73,0.73,0.73,0.73,0.73,0.73,0.73,0.73,0.73,0.73,0.73,0.73,0.73,0.73,0.73,0.73,0.73,0.73,0.73,0.73,0.73,0.73,0.73,0.73,0.73,0.73,0.73,0.73
0.73,0.73,0.73,0.73,0.73,0.73,0.73,0.73,0.73,0.73,0.73,0.73,0.73,0.73,0.73,0.73,0.73,0.73,0.73,0.73,0.73,0.73,0.73,0.73,0.73,0.73,0.73,0.73,0.73,0.73,0.73,0.73,0.73,0.73,0.73,0.73,0.73,0.73,0.73,0.73,0.73,0.73,0.73,0.73,0.73,0.73,0.73,0.73,0.73,0.73,0.73,0.73,0.73,0.73,0.73,0.73,0.73,0.73,0.73,0.73,0.73,0.73,0.73,0.73
0.73,0.73,0.73,0.73,0.73,0.73,0.73,0.73,0.73,0.73,0.73,0.73,0.73,0.73,0.73,0.73,0.73,0.73,0.73,0.73,0.73,0.73,0.73,0.73,0.73,0.73,0.73,0.73,0.73,0.73,0.73,0.73,0.73,0.73,0.73,0.73,0.73,0.73,0.73,0.73,0.73,0.73,0.73,0.73,0.73,0.73,0.73,0.73,0.73,0.73,0.73,0.73,0.73,0.73,0.73,0.73,0.73,0.73,0.73,0.73,0.73,0.73,0.73,0.73
0.73,0.73,0.73,0.73,0.73,0.73,0.73,0.73,0.73,0.73,0.73,0.73,0.73,0.73,0.73,0.73,0.73,0.73,0.73,0.73,0.73,0.73,0.73,0.73,0.73,0.73,0.73,0.73,0.73,0.73,0.73,0.73,0.73,0.73,0.73,0.73,0.73,0.73,0.73,0.73,0.73,0.73,0.73,0.73,0.73,0.73,0.73,0.73,0.73,0.73,0.73,0.73,0.73,0.73,0.73,0.73,0.73,0.73,0.73,0.73,0.73,0.73,0.73,0.73
0.73,0.73,0.73,0.73,0.73,0.73,0.73,0.73,0.73,0.73,0.73,0.73,0.73,0.73,0.73,0.73,0.73,0.73,0.73,0.73,0.73,0.73,0.73,0.73,0.73,0.73,0.73,0.73,0.73,0.73,0.73,0.73,0.73,0.73,0.73,0.73,0.73,0.73,0.73,0.73,0.73,0.73,0.73,0.73,0.73,0.73,0.73,0.73,0.73,0.73,0.73,0.73,0.73,0.73,0.73,0.73,0.73,0.73,0.73,0.73,0.73,0.73,0.73,0.73
0.73,0.73,0.73,0.73,0.73,0.73,0.73,0.73,0.73,0.73,0.73,0.73,0.73,0.73,0.73,0.73,0.73,0.73,0.73,0.73,0.73,0.73,0.73,0.73,0.73,0.73,0.73,0.73,0.73,0.73,0.73,0.73,0.73,0.73,0.73,0.73,0.73,0.73,0.73,0.73,0.73,0.73,0.73,0.73,0.73,0.73,0.73,0.73,0.73,0.73,0.73,0.73,0.73,0.73,0.73,0.73,0.73,0.73,0.73,0.73,0.73,0.73,0.73,0.73
0.73,0.73,0.73,0.73,0.73,0.73,0.73,0.73,0.73,0.73,0.73,0.73,0.73,0.73,0.73,0.73,0.73,0.73,0.73,0.73,0.73,0.73,0.73,0.73,0.73,0.73,0.73,0.73,0.73,0.73,0.73,0.73,0.73,0.73,0.73,0.73,0.73,0.73,0.73,0.73,0.73,0.73,0.73,0.73,0.73,0.73,0.73,0.73,0.73,0.73,0.73,0.73,0.73,0.73,0.73,0.73,0.73,0.73,0.73,0.73,0.73,0.73,0.73,0.73
0.73,0.73,0.73,0.73,0.73,0.73,0.73,0.73,0.73,0.73,0.73,0.73,0.73,0.73,0.73,0.73,0.73,0.73,0.73,0.73,0.73,0.73,0.73,0.73,0.73,0.73,0.73,0.73,0.73,0.73,0.73,0.73,0.73,0.73,0.73,0.73,0.73,0.73,0.73,0.73,0.73,0.73,0.73,0.73,0.73,0.73,0.73,0.73,0.73,0.73,0.73,0.73,0.73,0.73,0.73,0.73,0.73,0.73,0.73,0.73,0.73,0.73,0.73,0.73
0.73,0.73,0.73,0.73,0.73,0.73,0.73,0.73,0.73,0.73,0.73,0.73,0.73,0.73,0.73,0.73,0.73,0.73,0.73,0.73,0.73,0.73,0.73,0.73,0.73,0.73,0.73,0.73,0.73,0.73,0.73,0.73,0.73,0.73,0.73,0.73,0.73,0.73,0.73,0.73,0.73,0.73,0.73,0.73,0.73,0.73,0.73,0.73,0.73,0.73,0.73,0.73,0.73,0.73,0.73,0.73,0.73,0.73,0.73,0.73,0.73,0.73,0.73,0.73
0.73,0.73,0.73,0.73,0.73,0.73,0.73,0.73,0.73,0.73,0.73,0.73,0.73,0.73,0.73,0.73,0.73,0.73,0.73,0.73,0.73,0.73,0.73,0.73,0.73,0.73,0.73,0.73,0.73,0.73,0.73,0.73,0.73,0.73,0.73,0.73,0.73,0.73,0.73,0.73,0.73,0.73,0.73,0.73,0.73,0.73,0.73,0.73,0.73,0.73,0.73,0.73,0.73,0.73,0.73,0.73,0.73,0.73,0.73,0.73,0.73,0.73,0.73,0.73
0.73,0.73,0.73,0.73,0.73,0.73,0.73,0.73,0.73,0.73,0.73,0.73,0.73,0.73,0.73,0.73,0.73,0.73,0.73,0.73,0.73,0.73,0.73,0.73,0.73,0.73,0.73,0.73,0.73,0.73,0.73,0.73,0.73,0.73,0.73,0.73,0.73,0.73,0.73,0.73,0.73,0.73,0.73,0.73,0.73,0.73,0.73,0.73,0.73,0.73,0.73,0.73,0.73,0.73,0.73,0.73,0.73,0.73,0.73,0.73,0.73,0.73,0.73,0.73
0.73,0.73,0.73,0.73,0.73,0.73,0.73,0.73,0.73,0.73,0.73,0.73,0.73,0.73,0.73,0.73,0.73,0.73,0.73,0.73,0.73,0.73,0.73,0.73,0.73,0.73,0.73,0.73,0.73,0.73,0.73,0.73,0.73,0.73,0.73,0.73,0.73,0.73,0.73,0.73,0.73,0.73,0.73,0.73,0.73,0.73,0.73,0.73,0.73,0.73,0.73,0.73,0.73,0.73,0.73,0.73,0.73,0.73,0.73,0.73,0.73,0.73,0.73,0.73
0.73,0.73,0.73,0.73,0.73,0.73,0.73,0.73,0.73,0.73,0.73,0.73,0.73,0.73,0.73,0.73,0.73,0.73,0.73,0.73,0.73,0.73,0.73,0.73,0.73,0.73,0.73,0.73,0.73,0.73,0.73,0.73,0.73,0.73,0.73,0.73,0.73,0.73,0.73,0.73,0.73,0.73,0.73,0.73,0.73,0.73,0.73,0.73,0.73,0.73,0.73,0.73,0.73,0.73,0.73,0.73,0.73,0.73,0.73,0.73,0.73,0.73,0.73,0.73
0.73,0.73,0.73,0.73,0.73,0.73,0.73,0.73,0.73,0.73,0.73,0.73,0.73,0.73,0.73,0.73,0.73,0.73,0.73,0.73,0.73,0.73,0.73,0.73,0.73,0.73,0.73,0.73,0.73,0.73,0.73,0.73,0.73,0.73,0.73,0.73,0.73,0.73,0.73,0.73,0.73,0.73,0.73,0.73,0.73,0.73,0.73,0.73,0.73,0.73,0.73,0.73,0.73,0.73,0.73,0.73,0.73,0.73,0.73,0.73,0.73,0.73,0.73,0.73
0.73,0.73,0.73,0.73,0.73,0.73,0.73,0.73,0.73,0.73,0.73,0.73,0.73,0.73,0.73,0.73,0.73,0.73,0.73,0.73,0.73,0.73,0.73,0.73,0.73,0.73,0.73,0.73,0.73,0.73,0.73,0.73,0.73,0.73,0.73,0.73,0.73,0.73,0.73,0.73,0.73,0.73,0.73,0.73,0.73,0.73,0.73,0.73,0.73,0.73,0.73,0.73,0.73,0.73,0.73,0.73,0.73,0.73,0.73,0.73,0.73,0.73,0.73,0.73
0.73,0.73,0.73,0.73,0.73,0.73,0.73,0.73,0.73,0.73,0.73,0.73,0.73,0.73,0.73,0.73,0.73,0.73,0.73,0.73,0.73,0.73,0.73,0.73,0.73,0.73,0.73,0.73,0.73,0.73,0.73,0.73,0.73,0.73,0.73,0.73,0.73,0.73,0.73,0.73,0.73,0.73,0.73,0.73,0.73,0.73,0.73,0.73,0.73,0.73,0.73,0.73,0.73,0.73,0.73,0.73,0.73,0.73,0.73,0.73,0.73,0.73,0.73,0.73
0.73,0.73,0.73,0.73,0.73,0.73,0.73,0.73,0.73,0.73,0.73,0.73,0.73,0.73,0.73,0.73,0.73,0.73,0.73,0.73,0.73,0.73,0.73,0.73,0.73,0.73,0.73,0.73,0.73,0.73,0.73,0.73,0.73,0.73,0.73,0.73,0.73,0.73,0.73,0.73,0.73,0.73,0.73,0.73,0.73,0.73,0.73,0.73,0.73,0.73,0.73,0.73,0.73,0.73,0.73,0.73,0.73,0.73,0.73,0.73,0.73,0.73,0.73,0.73
0.73,0.73,0.73,0.73,0.73,0.73,0.73,0.73,0.73,0.73,0.73,0.73,0.73,0.73,0.73,0.73,0.73,0.73,0.73,0.73,0.73,0.73,0.73,0.73,0.73,0.73,0.73,0.73,0.73,0.73,0.73,0.73,0.73,0.73,0.73,0.73,0.73,0.73,0.73,0.73,0.73,0.73,0.73,0.73,0.73,0.73,0.73,0.73,0.73,0.73,0.73,0.73,0.73,0.73,0.73,0.73,0.73,0.73,0.73,0.73,0.73,0.73,0.73,0.73
0.73,0.73,0.73,0.73,0.73,0.73,0.73,0.73,0.73,0.73,0.73,0.73,0.73,0.73,0.73,0.73,0.73,0.73,0.73,0.73,0.73,0.73,0.73,0.73,0.73,0.73,0.73,0.73,0.73,0.73,0.73,0.73,0.73,0.73,0.73,0.73,0.73,0.73,0.73,0.73,0.73,0.73,0.73,0.73,0.73,0.73,0.73,0.73,0.73,0.73,0.73,0.73,0.73,0.73,0.73,0.73,0.73,0.73,0.73,0.73,0.73,0.73,0.73,0.73
0.73,0.73,0.73,0.73,0.73,0.73,0.73,0.73,0.73,0.73,0.73,0.73,0.73,0.73,0.73,0.73,0.73,0.73,0.73,0.73,0.73,0.73,0.73,0.73,0.73,0.73,0.73,0.73,0.73,0.73,0.73,0.73,0.73,0.73,0.73,0.73,0.73,0.73,0.73,0.73,0.73,0.73,0.73,0.73,0.73,0.73,0.73,0.73,0.73,0.73,0.73,0.73,0.73,0.73,0.73,0.73,0.73,0.73,0.73,0.73,0.73,0.73,0.73,0.73
0.73,0.73,0.73,0.73,0.73,0.73,0.73,0.73,0.73,0.73,0.73,0.73,0.73,0.73,0.73,0.73,0.73,0.73,0.73,0.73,0.73,0.73,0.73,0.73,0.73,0.73,0.73,0.73,0.73,0.73,0.73,0.73,0.73,0.73,0.73,0.73,0.73,0.73,0.73,0.73,0.73,0.73,0.73,0.73,0.73,0.73,0.73,0.73,0.73,0.73,0.73,0.73,0.73,0.73,0.73,0.73,0.73,0.73,0.73,0.73,0.73,0.73,0.73,0.73
0.73,0.73,0.73,0.73,0.73,0.73,0.73,0.73,0.73,0.73,0.73,0.73,0.73,0.73,0.73,0.73,0.73,0.73,0.73,0.73,0.73,0.73,0.73,0.73,0.73,0.73,0.73,0.73,0.73,0.73,0.73,0.73,0.73,0.73,0.73,0.73,0.73,0.73,0.73,0.73,0.73,0.73,0.73,0.73,0.73,0.73,0.73,0.73,0.73,0.73,0.73,0.73,0.73,0.73,0.73,0.73,0.73,0.73,0.73,0.73,0.73,0.73,0.73,0.73
0.73,0.73,0.73,0.73,0.73,0.73,0.73,0.73,0.73,0.73,0.73,0.73,0.73,0.73,0.73,0.73,0.73,0.73,0.73,0.73,0.73,0.73,0.73,0.73,0.73,0.73,0.73,0.73,0.73,0.73,0.73,0.73,0.73,0.73,0.73,0.73,0.73,0.73,0.73,0.73,0.73,0.73,0.73,0.73,0.73,0.73,0.73,0.73,0.73,0.73,0.73,0.73,0.73,0.73,0.73,0.73,0.73,0.73,0.73,0.73,0.73,0.73,0.73,0.73
0.73,0.73,0.73,0.73,0.73,0.73,0.73,0.73,0.73,0.73,0.73,0.73,0.73,0.73,0.73,0.73,0.73,0.73,0.73,0.73,0.73,0.73,0.73,0.73,0.73,0.73,0.73,0.73,0.73,0.73,0.73,0.73,0.73,0.73,0.73,0.73,0.73,0.73,0.73,0.73,0.73,0.73,0.73,0.73,0.73,0.73,0.73,0.73,0.73,0.73,0.73,0.73,0.73,0.73,0.73,0.73,0.73,0.73,0.73,0.73,0.73,0.73,0.73,0.73
0.73,0.73,0.73,0.73,0.73,0.73,0.73,0.73,0.73,0.73,0.73,0.73,0.73,0.73,0.73,0.73,0.73,0.73,0.73,0.73,0.73,0.73,0.73,0.73,0.73,0.73,0.73,0.73,0.73,0.73,0.73,0.73,0.73,0.73,0.73,0.73,0.73,0.73,0.73,0.73,0.73,0.73,0.73,0.73,0.73,0.73,0.73,0.73,0.73,0.73,0.73,0.73,0.73,0.73,0.73,0.73,0.73,0.73,0.73,0.73,0.73,0.73,0.73,0.73
0.97,0.97,0.97,0.97,0.97,0.97,0.97,0.97,0.97,0.97,0.97,0.97,0.97,0.97,0.97,0.97,0.97,0.97,0.97,0.97,0.97,0.97,0.97,0.97,0.97,0.97,0.97,0.97,0.97,0.97,0.97,0.97,0.97,0.97,0.97,0.97,0.97,0.97,0.97,0.97,0.97,0.97,0.97,0.97,0.97,0.97,0.97,0.97,0.97,0.97,0.97,0.97,0.97,0.97,0.97,0.97,0.97,0.97,0.97,0.97,0.97,0.97,0.97,0.97
